0 0.152238806 0.033333333 0.02
0.033333333 0.152238806 0.033333333 0.02
0.066666667 0.150746269 0.033333333 0.02
0.1 0.150746269 0.033333333 0.02
0.133333333 0.153731343 0.033333333 0.02
0.166666667 0.153731343 0.033333333 0.02
0.2 0.153731343 0.033333333 0.02
0.233333333 0.152238806 0.033333333 0.02
0.266666667 0.152238806 0.033333333 0.02
0.3 0.150746269 0.033333333 0.02
0.333333333 0.144776119 0.033333333 0.02
0.366666667 0.135820896 0.033333333 0.02
0.4 0.126865672 0.033333333 0.02
0.433333333 0.111940299 0.033333333 0.02
0.466666667 0.097014925 0.033333333 0.02
0.5 0.080597015 0.033333333 0.02
0.533333333 0.059995051 0.033333333 0.02
0.566666667 0.037957112 0.033333333 0.02
0.6 0.015549098 0.033333333 0.02
0.633333333 -0.007052985 0.033333333 0.02
0.666666667 -0.029756029 0.033333333 0.02
0.7 -0.0517625 0.033333333 0.02
0.733333333 -0.072420155 0.033333333 0.02
0.766666667 -0.091171521 0.033333333 0.02
0.8 -0.107709077 0.033333333 0.02
0.833333333 -0.121656025 0.033333333 0.02
0.866666667 -0.133068054 0.033333333 0.02
0.9 -0.142011923 0.033333333 0.02
0.933333333 -0.147382843 0.033333333 0.02
0.966666667 -0.151342009 0.033333333 0.02
1 -0.153046232 0.033333333 0.02
1.033333333 -0.153062692 0.033333333 0.02
1.066666667 -0.150891284 0.033333333 0.02
1.1 -0.146463494 0.033333333 0.02
1.133333333 -0.139389378 0.033333333 0.02
1.166666667 -0.130062466 0.033333333 0.02
1.2 -0.118141757 0.033333333 0.02
1.233333333 -0.103579097 0.033333333 0.02
1.266666667 -0.086559376 0.033333333 0.02
1.3 -0.067325906 0.033333333 0.02
1.333333333 -0.046226771 0.033333333 0.02
1.366666667 -0.023993445 0.033333333 0.02
1.4 -0.001071548 0.033333333 0.02
1.433333333 0.021967686 0.033333333 0.02
1.466666667 0.044431946 0.033333333 0.02
1.5 0.06553524 0.033333333 0.02
1.533333333 0.082101598 0.033333333 0.02
1.566666667 0.103145118 0.033333333 0.02
1.6 0.117956091 0.033333333 0.02
1.633333333 0.129953403 0.033333333 0.02
1.666666667 0.139893843 0.033333333 0.02
1.7 0.147123055 0.033333333 0.02
1.733333333 0.151885488 0.033333333 0.02
1.766666667 0.154090504 0.033333333 0.02
1.8 0.15410036 0.033333333 0.02
1.833333333 0.151856052 0.033333333 0.02
1.866666667 0.147125151 0.033333333 0.02
1.9 0.139569113 0.033333333 0.02
1.933333333 0.129537363 0.033333333 0.02
1.966666667 0.114980741 0.033333333 0.02
2 0.101851317 0.033333333 0.02
2.033333333 0.082634643 0.033333333 0.02
2.066666667 0.064498429 0.033333333 0.02
2.1 0.044037541 0.033333333 0.02
2.133333333 0.022085681 0.033333333 0.02
2.166666667 -5.84E-04 0.033333333 0.02
2.2 -0.022769309 0.033333333 0.02
2.233333333 -0.044405579 0.033333333 0.02
2.266666667 -0.064200392 0.033333333 0.02
2.3 -0.082723886 0.033333333 0.02
2.333333333 -0.099382374 0.033333333 0.02
2.366666667 -0.113791852 0.033333333 0.02
2.4 -0.125588791 0.033333333 0.02
2.433333333 -0.13499846 0.033333333 0.02
2.466666667 -0.141465664 0.033333333 0.02
2.5 -0.145897308 0.033333333 0.02
2.533333333 -0.14772203 0.033333333 0.02
2.566666667 -0.147665357 0.033333333 0.02
2.6 -0.145737948 0.033333333 0.02
2.633333333 -0.142101373 0.033333333 0.02
2.666666667 -0.135716355 0.033333333 0.02
2.7 -0.126890485 0.033333333 0.02
2.733333333 -0.115533729 0.033333333 0.02
2.766666667 -0.101662172 0.033333333 0.02
2.8 -0.085205361 0.033333333 0.02
2.833333333 -0.066765069 0.033333333 0.02
2.866666667 -0.04669005 0.033333333 0.02
2.9 -0.025513076 0.033333333 0.02
2.933333333 -0.003563734 0.033333333 0.02
2.966666667 0.018559876 0.033333333 0.02
3 0.03905042 0.033333333 0.02
3.033333333 0.059218938 0.033333333 0.02
3.066666667 0.077395871 0.033333333 0.02
3.1 0.093124769 0.033333333 0.02
3.133333333 0.107054869 0.033333333 0.02
3.166666667 0.125227765 0.033333333 0.02
3.2 0.134841223 0.033333333 0.02
3.233333333 0.141380299 0.033333333 0.02
3.266666667 0.146300098 0.033333333 0.02
3.3 0.148979226 0.033333333 0.02
3.333333333 0.148545299 0.033333333 0.02
3.366666667 0.14697468 0.033333333 0.02
3.4 0.14266819 0.033333333 0.02
3.433333333 0.135857336 0.033333333 0.02
3.466666667 0.126847546 0.033333333 0.02
3.5 0.115326603 0.033333333 0.02
3.533333333 0.101226264 0.033333333 0.02
3.566666667 0.084711275 0.033333333 0.02
3.6 0.062545034 0.033333333 0.02
3.633333333 0.043346038 0.033333333 0.02
3.666666667 0.023159157 0.033333333 0.02
3.7 0.001747472 0.033333333 0.02
3.733333333 -0.01991716 0.033333333 0.02
3.766666667 -0.040737714 0.033333333 0.02
3.8 -0.060676502 0.033333333 0.02
3.833333333 -0.078752 0.033333333 0.02
3.866666667 -0.094764779 0.033333333 0.02
3.9 -0.108796698 0.033333333 0.02
3.933333333 -0.12041218 0.033333333 0.02
3.966666667 -0.129156829 0.033333333 0.02
4 -0.135743459 0.033333333 0.02
4.033333333 -0.14026464 0.033333333 0.02
4.066666667 -0.142480611 0.033333333 0.02
4.1 -0.142699299 0.033333333 0.02
4.133333333 -0.140795359 0.033333333 0.02
4.166666667 -0.137035664 0.033333333 0.02
4.2 -0.130830256 0.033333333 0.02
4.233333333 -0.122358862 0.033333333 0.02
4.266666667 -0.110990095 0.033333333 0.02
4.3 -0.0974781 0.033333333 0.02
4.333333333 -0.081647954 0.033333333 0.02
4.366666667 -0.063564473 0.033333333 0.02
4.4 -0.043912829 0.033333333 0.02
4.433333333 -0.023213289 0.033333333 0.02
4.466666667 -0.001535364 0.033333333 0.02
4.5 0.018804676 0.033333333 0.02
4.533333333 0.042049771 0.033333333 0.02
4.566666667 0.058445347 0.033333333 0.02
4.6 0.075684584 0.033333333 0.02
4.633333333 0.09070322 0.033333333 0.02
4.666666667 0.103906723 0.033333333 0.02
4.7 0.115094499 0.033333333 0.02
4.733333333 0.123795999 0.033333333 0.02
4.766666667 0.133572516 0.033333333 0.02
4.8 0.138138315 0.033333333 0.02
4.833333333 0.134328358 0.033333333 0.02
4.866666667 0.134340833 0.033333333 0.02
4.9 0.132190693 0.033333333 0.02
4.933333333 0.127981997 0.033333333 0.02
4.966666667 0.121577774 0.033333333 0.02
5 0.112531105 0.033333333 0.02
5.033333333 0.101786379 0.033333333 0.02
5.066666667 0.088744559 0.033333333 0.02
5.1 0.073139431 0.033333333 0.02
5.133333333 0.055614021 0.033333333 0.02
5.166666667 0.036695211 0.033333333 0.02
5.2 0.016712514 0.033333333 0.02
5.233333333 -0.00428181 0.033333333 0.02
5.266666667 -0.024708119 0.033333333 0.02
5.3 -0.045020224 0.033333333 0.02
5.333333333 -0.064449349 0.033333333 0.02
5.366666667 -0.082094065 0.033333333 0.02
5.4 -0.098023477 0.033333333 0.02
5.433333333 -0.111926761 0.033333333 0.02
5.466666667 -0.123067591 0.033333333 0.02
5.5 -0.132357166 0.033333333 0.02
5.533333333 -0.140206719 0.033333333 0.02
5.566666667 -0.144742607 0.033333333 0.02
5.6 -0.147310235 0.033333333 0.02
5.633333333 -0.147785591 0.033333333 0.02
5.666666667 -0.145698477 0.033333333 0.02
5.7 -0.141256357 0.033333333 0.02
5.733333333 -0.134489261 0.033333333 0.02
5.766666667 -0.124877745 0.033333333 0.02
5.8 -0.112850567 0.033333333 0.02
5.833333333 -0.099001206 0.033333333 0.02
5.866666667 -0.082740635 0.033333333 0.02
5.9 -0.064810291 0.033333333 0.02
5.933333333 -0.045025414 0.033333333 0.02
5.966666667 -0.024451335 0.033333333 0.02
6 -0.003577871 0.033333333 0.02
6.033333333 0.017364997 0.033333333 0.02
6.066666667 0.037386287 0.033333333 0.02
6.1 0.056432454 0.033333333 0.02
6.133333333 0.073590308 0.033333333 0.02
6.166666667 0.088500131 0.033333333 0.02
6.2 0.10123522 0.033333333 0.02
6.233333333 0.111298918 0.033333333 0.02
6.266666667 0.119232857 0.033333333 0.02
6.3 0.12515145 0.033333333 0.02
6.333333333 0.12891572 0.033333333 0.02
6.366666667 0.130176687 0.033333333 0.02
6.4 0.129968766 0.033333333 0.02
6.433333333 0.127465171 0.033333333 0.02
6.466666667 0.123278995 0.033333333 0.02
6.5 0.11646342 0.033333333 0.02
6.533333333 0.10830843 0.033333333 0.02
6.566666667 0.09747048 0.033333333 0.02
6.6 0.084314575 0.033333333 0.02
6.633333333 0.069198106 0.033333333 0.02
6.666666667 0.052387171 0.033333333 0.02
6.7 0.033603416 0.033333333 0.02
6.733333333 0.013665048 0.033333333 0.02
6.766666667 -0.006688616 0.033333333 0.02
6.8 -0.02686855 0.033333333 0.02
6.833333333 -0.046735644 0.033333333 0.02
6.866666667 -0.065375876 0.033333333 0.02
6.9 -0.082852873 0.033333333 0.02
6.933333333 -0.098616187 0.033333333 0.02
6.966666667 -0.112035555 0.033333333 0.02
7 -0.121568041 0.033333333 0.02
7.033333333 -0.129873254 0.033333333 0.02
7.066666667 -0.136142545 0.033333333 0.02
7.1 -0.139941506 0.033333333 0.02
7.133333333 -0.141827125 0.033333333 0.02
7.166666667 -0.141605936 0.033333333 0.02
7.2 -0.139062289 0.033333333 0.02
7.233333333 -0.133917837 0.033333333 0.02
7.266666667 -0.126678381 0.033333333 0.02
7.3 -0.117060137 0.033333333 0.02
7.333333333 -0.10532406 0.033333333 0.02
7.366666667 -0.091184744 0.033333333 0.02
7.4 -0.074876582 0.033333333 0.02
7.433333333 -0.057292431 0.033333333 0.02
7.466666667 -0.03776486 0.033333333 0.02
7.5 -0.017904893 0.033333333 0.02
7.533333333 0.002410122 0.033333333 0.02
7.566666667 0.022234126 0.033333333 0.02
7.6 0.040906553 0.033333333 0.02
7.633333333 0.058725255 0.033333333 0.02
7.666666667 0.074897564 0.033333333 0.02
7.7 0.088898777 0.033333333 0.02
7.733333333 0.100458116 0.033333333 0.02
7.766666667 0.109885455 0.033333333 0.02
7.8 0.116466993 0.033333333 0.02
7.833333333 0.121401828 0.033333333 0.02
7.866666667 0.124468887 0.033333333 0.02
7.9 0.125724435 0.033333333 0.02
7.933333333 0.125171739 0.033333333 0.02
7.966666667 0.122288035 0.033333333 0.02
8 0.117513787 0.033333333 0.02
8.033333333 0.110600633 0.033333333 0.02
8.066666667 0.101342519 0.033333333 0.02
8.1 0.090171889 0.033333333 0.02
8.133333333 0.07689517 0.033333333 0.02
8.166666667 0.061700792 0.033333333 0.02
8.2 0.044574858 0.033333333 0.02
8.233333333 0.026242685 0.033333333 0.02
8.266666667 0.00698151 0.033333333 0.02
8.3 -0.012466134 0.033333333 0.02
8.333333333 -0.032039487 0.033333333 0.02
8.366666667 -0.050997839 0.033333333 0.02
8.4 -0.068679968 0.033333333 0.02
8.433333333 -0.084787342 0.033333333 0.02
8.466666667 -0.098722921 0.033333333 0.02
8.5 -0.111153696 0.033333333 0.02
8.533333333 -0.120808888 0.033333333 0.02
8.566666667 -0.128122744 0.033333333 0.02
8.6 -0.133150715 0.033333333 0.02
8.633333333 -0.135937438 0.033333333 0.02
8.666666667 -0.13678035 0.033333333 0.02
8.7 -0.135795286 0.033333333 0.02
8.733333333 -0.132607938 0.033333333 0.02
8.766666667 -0.127346499 0.033333333 0.02
8.8 -0.119905446 0.033333333 0.02
8.833333333 -0.110019085 0.033333333 0.02
8.866666667 -0.098082723 0.033333333 0.02
8.9 -0.083705395 0.033333333 0.02
8.933333333 -0.067547579 0.033333333 0.02
8.966666667 -0.049985678 0.033333333 0.02
9 -0.031332716 0.033333333 0.02
9.033333333 -0.011954837 0.033333333 0.02
9.066666667 0.007348267 0.033333333 0.02
9.1 0.026518531 0.033333333 0.02
9.133333333 0.04483688 0.033333333 0.02
9.166666667 0.061291848 0.033333333 0.02
9.2 0.075909331 0.033333333 0.02
9.233333333 0.088908672 0.033333333 0.02
9.266666667 0.099923799 0.033333333 0.02
9.3 0.108832877 0.033333333 0.02
9.333333333 0.115499538 0.033333333 0.02
9.366666667 0.120286312 0.033333333 0.02
9.4 0.12296786 0.033333333 0.02
9.433333333 0.12370844 0.033333333 0.02
9.466666667 0.122410717 0.033333333 0.02
9.5 0.118973882 0.033333333 0.02
9.533333333 0.113478401 0.033333333 0.02
9.566666667 0.106065062 0.033333333 0.02
9.6 0.096427337 0.033333333 0.02
9.633333333 0.084737805 0.033333333 0.02
9.666666667 0.071120273 0.033333333 0.02
9.7 0.055637475 0.033333333 0.02
9.733333333 0.038584094 0.033333333 0.02
9.766666667 0.020452428 0.033333333 0.02
9.8 0.001371986 0.033333333 0.02
9.833333333 -0.0175572 0.033333333 0.02
9.866666667 -0.03655033 0.033333333 0.02
9.9 -0.054120601 0.033333333 0.02
9.933333333 -0.070730012 0.033333333 0.02
9.966666667 -0.085382767 0.033333333 0.02
10 -0.098786215 0.033333333 0.02
10.03333333 -0.109934145 0.033333333 0.02
10.06666667 -0.118673277 0.033333333 0.02
10.1 -0.125355127 0.033333333 0.02
10.13333333 -0.129781796 0.033333333 0.02
10.16666667 -0.132536059 0.033333333 0.02
10.2 -0.13255326 0.033333333 0.02
10.23333333 -0.130937495 0.033333333 0.02
10.26666667 -0.127535327 0.033333333 0.02
10.3 -0.121147693 0.033333333 0.02
10.33333333 -0.11272439 0.033333333 0.02
10.36666667 -0.102275191 0.033333333 0.02
10.4 -0.089710589 0.033333333 0.02
10.43333333 -0.075358995 0.033333333 0.02
10.46666667 -0.059054043 0.033333333 0.02
10.5 -0.041160441 0.033333333 0.02
10.53333333 -0.022626259 0.033333333 0.02
10.56666667 -0.003688373 0.033333333 0.02
10.6 0.015025726 0.033333333 0.02
10.63333333 0.033245761 0.033333333 0.02
10.66666667 0.05001066 0.033333333 0.02
10.7 0.06564948 0.033333333 0.02
10.73333333 0.079449242 0.033333333 0.02
10.76666667 0.091382799 0.033333333 0.02
10.8 0.101075601 0.033333333 0.02
10.83333333 0.1089584 0.033333333 0.02
10.86666667 0.114770493 0.033333333 0.02
10.9 0.11840294 0.033333333 0.02
10.93333333 0.12015247 0.033333333 0.02
10.96666667 0.11986695 0.033333333 0.02
11 0.117836917 0.033333333 0.02
11.03333333 0.113652456 0.033333333 0.02
11.06666667 0.107552965 0.033333333 0.02
11.1 0.099265364 0.033333333 0.02
11.13333333 0.088962726 0.033333333 0.02
11.16666667 0.076781996 0.033333333 0.02
11.2 0.062644433 0.033333333 0.02
11.23333333 0.04690364 0.033333333 0.02
11.26666667 0.029391972 0.033333333 0.02
11.3 0.011380957 0.033333333 0.02
11.33333333 -0.007231515 0.033333333 0.02
11.36666667 -0.025746241 0.033333333 0.02
11.4 -0.043992071 0.033333333 0.02
11.43333333 -0.061122053 0.033333333 0.02
11.46666667 -0.076869502 0.033333333 0.02
11.5 -0.090888728 0.033333333 0.02
11.53333333 -0.103128766 0.033333333 0.02
11.56666667 -0.113439867 0.033333333 0.02
11.6 -0.12125599 0.033333333 0.02
11.63333333 -0.127458049 0.033333333 0.02
11.66666667 -0.132130543 0.033333333 0.02
11.7 -0.133663671 0.033333333 0.02
11.73333333 -0.133000884 0.033333333 0.02
11.76666667 -0.130173046 0.033333333 0.02
11.8 -0.124439479 0.033333333 0.02
11.83333333 -0.124451262 0.033333333 0.02
11.86666667 -0.116756807 0.033333333 0.02
11.9 -0.107287301 0.033333333 0.02
11.93333333 -0.09579236 0.033333333 0.02
11.96666667 -0.081977704 0.033333333 0.02
12 -0.066865897 0.033333333 0.02
12.03333333 -0.050165331 0.033333333 0.02
12.06666667 -0.032673346 0.033333333 0.02
12.1 -0.014286495 0.033333333 0.02
12.13333333 0.003988003 0.033333333 0.02
12.16666667 0.021991925 0.033333333 0.02
12.2 0.039129905 0.033333333 0.02
12.23333333 0.055168615 0.033333333 0.02
12.26666667 0.069497383 0.033333333 0.02
12.3 0.082254812 0.033333333 0.02
12.33333333 0.092803137 0.033333333 0.02
12.36666667 0.101667923 0.033333333 0.02
12.4 0.108621519 0.033333333 0.02
12.43333333 0.113517179 0.033333333 0.02
12.46666667 0.116307564 0.033333333 0.02
12.5 0.117193274 0.033333333 0.02
12.53333333 0.116083973 0.033333333 0.02
12.56666667 0.113019895 0.033333333 0.02
12.6 0.107844849 0.033333333 0.02
12.63333333 0.100830364 0.033333333 0.02
12.66666667 0.091770752 0.033333333 0.02
12.7 0.080687919 0.033333333 0.02
12.73333333 0.067759528 0.033333333 0.02
12.76666667 0.052940009 0.033333333 0.02
12.8 0.036895146 0.033333333 0.02
12.83333333 0.019433271 0.033333333 0.02
12.86666667 0.001642584 0.033333333 0.02
12.9 -0.016436446 0.033333333 0.02
12.93333333 -0.034351796 0.033333333 0.02
12.96666667 -0.051603711 0.033333333 0.02
13 -0.067477041 0.033333333 0.02
13.03333333 -0.081889478 0.033333333 0.02
13.06666667 -0.094201773 0.033333333 0.02
13.1 -0.104694453 0.033333333 0.02
13.13333333 -0.113017698 0.033333333 0.02
13.16666667 -0.119773517 0.033333333 0.02
13.2 -0.12396332 0.033333333 0.02
13.23333333 -0.12618781 0.033333333 0.02
13.26666667 -0.126326134 0.033333333 0.02
13.3 -0.124803054 0.033333333 0.02
13.33333333 -0.121337884 0.033333333 0.02
13.36666667 -0.1154482 0.033333333 0.02
13.4 -0.108018262 0.033333333 0.02
13.43333333 -0.097947597 0.033333333 0.02
13.46666667 -0.085814579 0.033333333 0.02
13.5 -0.072029836 0.033333333 0.02
13.53333333 -0.056566948 0.033333333 0.02
13.56666667 -0.039763189 0.033333333 0.02
13.6 -0.022220975 0.033333333 0.02
13.63333333 -0.004166365 0.033333333 0.02
13.66666667 0.013466619 0.033333333 0.02
13.7 0.030657605 0.033333333 0.02
13.73333333 0.046584078 0.033333333 0.02
13.76666667 0.06136801 0.033333333 0.02
13.8 0.074644698 0.033333333 0.02
13.83333333 0.086235229 0.033333333 0.02
13.86666667 0.095803233 0.033333333 0.02
13.9 0.103527855 0.033333333 0.02
13.93333333 0.109257857 0.033333333 0.02
13.96666667 0.113016346 0.033333333 0.02
14 0.114666336 0.033333333 0.02
14.03333333 0.114568205 0.033333333 0.02
14.06666667 0.112366451 0.033333333 0.02
14.1 0.108252012 0.033333333 0.02
14.13333333 0.102072553 0.033333333 0.02
14.16666667 0.093837136 0.033333333 0.02
14.2 0.083755341 0.033333333 0.02
14.23333333 0.071511819 0.033333333 0.02
14.26666667 0.057673744 0.033333333 0.02
14.3 0.042484073 0.033333333 0.02
14.33333333 0.026045587 0.033333333 0.02
14.36666667 0.008696925 0.033333333 0.02
14.4 -0.008882696 0.033333333 0.02
14.43333333 -0.026517185 0.033333333 0.02
14.46666667 -0.043548541 0.033333333 0.02
14.5 -0.059753843 0.033333333 0.02
14.53333333 -0.074503048 0.033333333 0.02
14.56666667 -0.087513174 0.033333333 0.02
14.6 -0.098551902 0.033333333 0.02
14.63333333 -0.107830633 0.033333333 0.02
14.66666667 -0.114899138 0.033333333 0.02
14.7 -0.120079565 0.033333333 0.02
14.73333333 -0.12309007 0.033333333 0.02
14.76666667 -0.123972008 0.033333333 0.02
14.8 -0.12294717 0.033333333 0.02
14.83333333 -0.120241607 0.033333333 0.02
14.86666667 -0.115370899 0.033333333 0.02
14.9 -0.108534996 0.033333333 0.02
14.93333333 -0.099512394 0.033333333 0.02
14.96666667 -0.088633383 0.033333333 0.02
15 -0.075649114 0.033333333 0.02
15.03333333 -0.061142984 0.033333333 0.02
15.06666667 -0.045129975 0.033333333 0.02
15.1 -0.028500956 0.033333333 0.02
15.13333333 -0.010973765 0.033333333 0.02
15.16666667 0.005949279 0.033333333 0.02
15.2 0.023051582 0.033333333 0.02
15.23333333 0.039419547 0.033333333 0.02
15.26666667 0.054427077 0.033333333 0.02
15.3 0.068287791 0.033333333 0.02
15.33333333 0.080332487 0.033333333 0.02
15.36666667 0.090722871 0.033333333 0.02
15.4 0.099040831 0.033333333 0.02
15.43333333 0.105524707 0.033333333 0.02
15.46666667 0.109833778 0.033333333 0.02
15.5 0.114416878 0.033333333 0.02
15.53333333 0.115373994 0.033333333 0.02
15.56666667 0.113178779 0.033333333 0.02
15.6 0.108812733 0.033333333 0.02
15.63333333 0.102988502 0.033333333 0.02
15.66666667 0.095550589 0.033333333 0.02
15.7 0.0862816 0.033333333 0.02
15.73333333 0.075102753 0.033333333 0.02
15.76666667 0.062204354 0.033333333 0.02
15.8 0.047866582 0.033333333 0.02
15.83333333 0.032117049 0.033333333 0.02
15.86666667 0.015522091 0.033333333 0.02
15.9 -0.001553993 0.033333333 0.02
15.93333333 -0.018752446 0.033333333 0.02
15.96666667 -0.035578833 0.033333333 0.02
16 -0.051456817 0.033333333 0.02
16.03333333 -0.066460949 0.033333333 0.02
16.06666667 -0.079622694 0.033333333 0.02
16.1 -0.090952736 0.033333333 0.02
16.13333333 -0.10068824 0.033333333 0.02
16.16666667 -0.108241239 0.033333333 0.02
16.2 -0.113819032 0.033333333 0.02
16.23333333 -0.117521483 0.033333333 0.02
16.26666667 -0.118993402 0.033333333 0.02
16.3 -0.119079485 0.033333333 0.02
16.33333333 -0.116960044 0.033333333 0.02
16.36666667 -0.112738857 0.033333333 0.02
16.4 -0.106876092 0.033333333 0.02
16.43333333 -0.098924891 0.033333333 0.02
16.46666667 -0.088802257 0.033333333 0.02
16.5 -0.076971659 0.033333333 0.02
16.53333333 -0.063316204 0.033333333 0.02
16.56666667 -0.04838506 0.033333333 0.02
16.6 -0.032411042 0.033333333 0.02
16.63333333 -0.015606211 0.033333333 0.02
16.66666667 0.001341138 0.033333333 0.02
16.7 0.018046228 0.033333333 0.02
16.73333333 0.034214958 0.033333333 0.02
16.76666667 0.049189771 0.033333333 0.02
16.8 0.063043632 0.033333333 0.02
16.83333333 0.075219771 0.033333333 0.02
16.86666667 0.08579959 0.033333333 0.02
16.9 0.094521856 0.033333333 0.02
16.93333333 0.101332788 0.033333333 0.02
16.96666667 0.106357444 0.033333333 0.02
17 0.109459642 0.033333333 0.02
17.03333333 0.11040328 0.033333333 0.02
17.06666667 0.1097777 0.033333333 0.02
17.1 0.106995649 0.033333333 0.02
17.13333333 0.102335082 0.033333333 0.02
17.16666667 0.095899334 0.033333333 0.02
17.2 0.087418329 0.033333333 0.02
17.23333333 0.076984042 0.033333333 0.02
17.26666667 0.064982148 0.033333333 0.02
17.3 0.05121157 0.033333333 0.02
17.33333333 0.036190299 0.033333333 0.02
17.36666667 0.020002865 0.033333333 0.02
17.4 0.003396277 0.033333333 0.02
17.43333333 -0.013664952 0.033333333 0.02
17.46666667 -0.030250348 0.033333333 0.02
17.5 -0.046065691 0.033333333 0.02
17.53333333 -0.061085507 0.033333333 0.02
17.56666667 -0.074330638 0.033333333 0.02
17.6 -0.086229347 0.033333333 0.02
17.63333333 -0.095861674 0.033333333 0.02
17.66666667 -0.103874686 0.033333333 0.02
17.7 -0.110062313 0.033333333 0.02
17.73333333 -0.113895619 0.033333333 0.02
17.76666667 -0.116151242 0.033333333 0.02
17.8 -0.116371521 0.033333333 0.02
17.83333333 -0.114931685 0.033333333 0.02
17.86666667 -0.111627752 0.033333333 0.02
17.9 -0.106433232 0.033333333 0.02
17.93333333 -0.099155443 0.033333333 0.02
17.96666667 -0.090282383 0.033333333 0.02
18 -0.079168843 0.033333333 0.02
18.03333333 -0.066387138 0.033333333 0.02
18.06666667 -0.052297752 0.033333333 0.02
18.1 -0.036876857 0.033333333 0.02
18.13333333 -0.020650655 0.033333333 0.02
18.16666667 -0.004041279 0.033333333 0.02
18.2 0.012398208 0.033333333 0.02
18.23333333 0.028453211 0.033333333 0.02
18.26666667 0.043819272 0.033333333 0.02
18.3 0.05813541 0.033333333 0.02
18.33333333 0.070860544 0.033333333 0.02
18.36666667 0.082755157 0.033333333 0.02
18.4 0.092253071 0.033333333 0.02
18.43333333 0.100342015 0.033333333 0.02
18.46666667 0.105947571 0.033333333 0.02
18.5 0.107533118 0.033333333 0.02
18.53333333 0.109216524 0.033333333 0.02
18.56666667 0.109225722 0.033333333 0.02
18.6 0.106557218 0.033333333 0.02
18.63333333 0.102316944 0.033333333 0.02
18.66666667 0.096990235 0.033333333 0.02
18.7 0.088883163 0.033333333 0.02
18.73333333 0.079007022 0.033333333 0.02
18.76666667 0.067232714 0.033333333 0.02
18.8 0.053735306 0.033333333 0.02
18.83333333 0.039004026 0.033333333 0.02
18.86666667 0.023350345 0.033333333 0.02
18.9 0.006926849 0.033333333 0.02
18.93333333 -0.00956693 0.033333333 0.02
18.96666667 -0.025937854 0.033333333 0.02
19 -0.041545548 0.033333333 0.02
19.03333333 -0.05664868 0.033333333 0.02
19.06666667 -0.070283778 0.033333333 0.02
19.1 -0.082137732 0.033333333 0.02
19.13333333 -0.092412151 0.033333333 0.02
19.16666667 -0.100546928 0.033333333 0.02
19.2 -0.106992933 0.033333333 0.02
19.23333333 -0.111399192 0.033333333 0.02
19.26666667 -0.113961888 0.033333333 0.02
19.3 -0.114466283 0.033333333 0.02
19.33333333 -0.113291427 0.033333333 0.02
19.36666667 -0.110139644 0.033333333 0.02
19.4 -0.105313718 0.033333333 0.02
19.43333333 -0.098739086 0.033333333 0.02
19.46666667 -0.090248489 0.033333333 0.02
19.5 -0.079523475 0.033333333 0.02
19.53333333 -0.067358295 0.033333333 0.02
19.56666667 -0.053948857 0.033333333 0.02
19.6 -0.039131199 0.033333333 0.02
19.63333333 -0.023424805 0.033333333 0.02
19.66666667 -0.007345499 0.033333333 0.02
19.7 0.008738333 0.033333333 0.02
19.73333333 0.024504351 0.033333333 0.02
19.76666667 0.039649399 0.033333333 0.02
19.8 0.053734171 0.033333333 0.02
19.83333333 0.066562622 0.033333333 0.02
19.86666667 0.077562453 0.033333333 0.02
19.9 0.087501176 0.033333333 0.02
19.93333333 0.094235874 0.033333333 0.02
19.96666667 0.09993948 0.033333333 0.02
20 0.103804656 0.033333333 0.02
20.03333333 0.10603135 0.033333333 0.02
20.06666667 0.106075986 0.033333333 0.02
20.1 0.10449912 0.033333333 0.02
20.13333333 0.100776058 0.033333333 0.02
20.16666667 0.095366402 0.033333333 0.02
20.2 0.087983242 0.033333333 0.02
20.23333333 0.078829278 0.033333333 0.02
20.26666667 0.06748774 0.033333333 0.02
20.3 0.054861108 0.033333333 0.02
20.33333333 0.040756728 0.033333333 0.02
20.36666667 0.025755862 0.033333333 0.02
20.4 0.009860578 0.033333333 0.02
20.43333333 -0.006044441 0.033333333 0.02
20.46666667 -0.02216277 0.033333333 0.02
20.5 -0.037606785 0.033333333 0.02
20.53333333 -0.052094404 0.033333333 0.02
20.56666667 -0.065495445 0.033333333 0.02
20.6 -0.077472268 0.033333333 0.02
20.63333333 -0.08759349 0.033333333 0.02
20.66666667 -0.095950484 0.033333333 0.02
20.7 -0.102656993 0.033333333 0.02
20.73333333 -0.10719903 0.033333333 0.02
20.76666667 -0.110097087 0.033333333 0.02
20.8 -0.111260238 0.033333333 0.02
20.83333333 -0.110632918 0.033333333 0.02
20.86666667 -0.10808699 0.033333333 0.02
20.9 -0.103759858 0.033333333 0.02
20.93333333 -0.097506782 0.033333333 0.02
20.96666667 -0.089364657 0.033333333 0.02
21 -0.07965383 0.033333333 0.02
21.03333333 -0.068066135 0.033333333 0.02
21.06666667 -0.054990347 0.033333333 0.02
21.1 -0.040705676 0.033333333 0.02
21.13333333 -0.025563505 0.033333333 0.02
21.16666667 -0.010255046 0.033333333 0.02
21.2 0.005436495 0.033333333 0.02
21.23333333 0.020923642 0.033333333 0.02
21.26666667 0.035789565 0.033333333 0.02
21.3 0.049797784 0.033333333 0.02
21.33333333 0.062532587 0.033333333 0.02
21.36666667 0.073655488 0.033333333 0.02
21.4 0.082924094 0.033333333 0.02
21.43333333 0.090669053 0.033333333 0.02
21.46666667 0.096562669 0.033333333 0.02
21.5 0.100653362 0.033333333 0.02
21.53333333 0.102939221 0.033333333 0.02
21.56666667 0.103468696 0.033333333 0.02
21.6 0.102090927 0.033333333 0.02
21.63333333 0.098690855 0.033333333 0.02
21.66666667 0.093501391 0.033333333 0.02
21.7 0.086490279 0.033333333 0.02
21.73333333 0.077704084 0.033333333 0.02
21.76666667 0.067111784 0.033333333 0.02
21.8 0.054946842 0.033333333 0.02
21.83333333 0.041604167 0.033333333 0.02
21.86666667 0.026906407 0.033333333 0.02
21.9 0.011600883 0.033333333 0.02
21.93333333 -0.004000729 0.033333333 0.02
21.96666667 -0.019532321 0.033333333 0.02
22 -0.035114697 0.033333333 0.02
22.03333333 -0.049351883 0.033333333 0.02
22.06666667 -0.062788526 0.033333333 0.02
22.1 -0.074613498 0.033333333 0.02
22.13333333 -0.084574487 0.033333333 0.02
22.16666667 -0.093436605 0.033333333 0.02
22.2 -0.100058607 0.033333333 0.02
22.23333333 -0.104904571 0.033333333 0.02
22.26666667 -0.107979644 0.033333333 0.02
22.3 -0.109144388 0.033333333 0.02
22.33333333 -0.108590518 0.033333333 0.02
22.36666667 -0.106391364 0.033333333 0.02
22.4 -0.102228138 0.033333333 0.02
22.43333333 -0.096398743 0.033333333 0.02
22.46666667 -0.088902821 0.033333333 0.02
22.5 -0.079376258 0.033333333 0.02
22.53333333 -0.068419989 0.033333333 0.02
22.56666667 -0.055865808 0.033333333 0.02
22.6 -0.042023291 0.033333333 0.02
22.63333333 -0.027501679 0.033333333 0.02
22.66666667 -0.01231066 0.033333333 0.02
22.7 0.003045662 0.033333333 0.02
22.73333333 0.018185918 0.033333333 0.02
22.76666667 0.03269614 0.033333333 0.02
22.8 0.046472179 0.033333333 0.02
22.83333333 0.05903394 0.033333333 0.02
22.86666667 0.070007694 0.033333333 0.02
22.9 0.079800872 0.033333333 0.02
22.93333333 0.087720298 0.033333333 0.02
22.96666667 0.093874978 0.033333333 0.02
23 0.098156241 0.033333333 0.02
23.03333333 0.100705567 0.033333333 0.02
23.06666667 0.101345365 0.033333333 0.02
23.1 0.100213331 0.033333333 0.02
23.13333333 0.097101698 0.033333333 0.02
23.16666667 0.092237593 0.033333333 0.02
23.2 0.085387035 0.033333333 0.02
23.23333333 0.076953306 0.033333333 0.02
23.26666667 0.066812854 0.033333333 0.02
23.3 0.055274553 0.033333333 0.02
23.33333333 0.042097418 0.033333333 0.02
23.36666667 0.027982624 0.033333333 0.02
23.4 0.012964632 0.033333333 0.02
23.43333333 -0.002054703 0.033333333 0.02
23.46666667 -0.017434132 0.033333333 0.02
23.5 -0.03203714 0.033333333 0.02
23.53333333 -0.04630244 0.033333333 0.02
23.56666667 -0.059001618 0.033333333 0.02
23.6 -0.070850984 0.033333333 0.02
23.63333333 -0.08076735 0.033333333 0.02
23.66666667 -0.089289222 0.033333333 0.02
23.7 -0.096195839 0.033333333 0.02
23.73333333 -0.101032284 0.033333333 0.02
23.76666667 -0.1041976 0.033333333 0.02
23.8 -0.105522034 0.033333333 0.02
23.83333333 -0.105152313 0.033333333 0.02
23.86666667 -0.103175131 0.033333333 0.02
23.9 -0.099466795 0.033333333 0.02
23.93333333 -0.094197005 0.033333333 0.02
23.96666667 -0.086825049 0.033333333 0.02
24 -0.077833499 0.033333333 0.02
24.03333333 -0.06727365 0.033333333 0.02
24.06666667 -0.055276508 0.033333333 0.02
24.1 -0.042282659 0.033333333 0.02
24.13333333 -0.028304389 0.033333333 0.02
24.16666667 -0.01352068 0.033333333 0.02
24.2 0.001346549 0.033333333 0.02
24.23333333 0.016323129 0.033333333 0.02
24.26666667 0.030607967 0.033333333 0.02
24.3 0.044324313 0.033333333 0.02
24.33333333 0.056866556 0.033333333 0.02
24.36666667 0.068115099 0.033333333 0.02
24.4 0.077850194 0.033333333 0.02
24.43333333 0.085785237 0.033333333 0.02
24.46666667 0.092089289 0.033333333 0.02
24.5 0.096699036 0.033333333 0.02
24.53333333 0.099307695 0.033333333 0.02
24.56666667 0.100203309 0.033333333 0.02
24.6 0.099199755 0.033333333 0.02
24.63333333 0.096307121 0.033333333 0.02
24.66666667 0.091590672 0.033333333 0.02
24.7 0.085282745 0.033333333 0.02
24.73333333 0.076800899 0.033333333 0.02
24.76666667 0.066811129 0.033333333 0.02
24.8 0.05538745 0.033333333 0.02
24.83333333 0.042443678 0.033333333 0.02
24.86666667 0.028516735 0.033333333 0.02
24.9 0.013947276 0.033333333 0.02
24.93333333 -0.001058042 0.033333333 0.02
24.96666667 -0.015861201 0.033333333 0.02
25 -0.030424366 0.033333333 0.02
25.03333333 -0.044045031 0.033333333 0.02
25.06666667 -0.056874983 0.033333333 0.02
25.1 -0.068472741 0.033333333 0.02
25.13333333 -0.078321692 0.033333333 0.02
25.16666667 -0.08677578 0.033333333 0.02
25.2 -0.093279225 0.033333333 0.02
25.23333333 -0.098081552 0.033333333 0.02
25.26666667 -0.101061748 0.033333333 0.02
25.3 -0.10256013 0.033333333 0.02
25.33333333 -0.10252328 0.033333333 0.02
25.36666667 -0.100722907 0.033333333 0.02
25.4 -0.097238845 0.033333333 0.02
25.43333333 -0.092018284 0.033333333 0.02
25.46666667 -0.08512627 0.033333333 0.02
25.5 -0.076738402 0.033333333 0.02
25.53333333 -0.066484874 0.033333333 0.02
25.56666667 -0.05467688 0.033333333 0.02
25.6 -0.041898785 0.033333333 0.02
25.63333333 -0.028470727 0.033333333 0.02
25.66666667 -0.014106391 0.033333333 0.02
25.7 5.79E-04 0.033333333 0.02
25.73333333 0.015000137 0.033333333 0.02
25.76666667 0.029028327 0.033333333 0.02
25.8 0.042470951 0.033333333 0.02
25.83333333 0.054728969 0.033333333 0.02
25.86666667 0.065809108 0.033333333 0.02
25.9 0.075500012 0.033333333 0.02
25.93333333 0.08355116 0.033333333 0.02
25.96666667 0.090012226 0.033333333 0.02
26 0.094515816 0.033333333 0.02
26.03333333 0.097122217 0.033333333 0.02
26.06666667 0.098060292 0.033333333 0.02
26.1 0.097101981 0.033333333 0.02
26.13333333 0.094387225 0.033333333 0.02
26.16666667 0.089717991 0.033333333 0.02
26.2 0.083354372 0.033333333 0.02
26.23333333 0.075215866 0.033333333 0.02
26.26666667 0.065521576 0.033333333 0.02
26.3 0.054116537 0.033333333 0.02
26.33333333 0.04156049 0.033333333 0.02
26.36666667 0.027888854 0.033333333 0.02
26.4 0.013635159 0.033333333 0.02
26.43333333 -8.87E-04 0.033333333 0.02
26.46666667 -0.015650191 0.033333333 0.02
26.5 -0.029629118 0.033333333 0.02
26.53333333 -0.04321945 0.033333333 0.02
26.56666667 -0.055737919 0.033333333 0.02
26.6 -0.066706097 0.033333333 0.02
26.63333333 -0.076557285 0.033333333 0.02
26.66666667 -0.084834943 0.033333333 0.02
26.7 -0.091308356 0.033333333 0.02
26.73333333 -0.095856949 0.033333333 0.02
26.76666667 -0.099133112 0.033333333 0.02
26.8 -0.100586698 0.033333333 0.02
26.83333333 -0.100592361 0.033333333 0.02
26.86666667 -0.098517996 0.033333333 0.02
26.9 -0.095621376 0.033333333 0.02
26.93333333 -0.090541874 0.033333333 0.02
26.96666667 -0.08351882 0.033333333 0.02
27 -0.075457539 0.033333333 0.02
27.03333333 -0.065377499 0.033333333 0.02
27.06666667 -0.054087349 0.033333333 0.02
27.1 -0.041366485 0.033333333 0.02
27.13333333 -0.028170588 0.033333333 0.02
27.16666667 -0.01399355 0.033333333 0.02
27.2 1.39E-04 0.033333333 0.02
27.23333333 0.014363546 0.033333333 0.02
27.26666667 0.028271675 0.033333333 0.02
27.3 0.041340828 0.033333333 0.02
27.33333333 0.053504251 0.033333333 0.02
27.36666667 0.064404779 0.033333333 0.02
27.4 0.073974337 0.033333333 0.02
27.43333333 0.081765144 0.033333333 0.02
27.46666667 0.08756928 0.033333333 0.02
27.5 0.092455744 0.033333333 0.02
27.53333333 0.094435708 0.033333333 0.02
27.56666667 0.095590609 0.033333333 0.02
27.6 0.094465993 0.033333333 0.02
27.63333333 0.091813861 0.033333333 0.02
27.66666667 0.087535279 0.033333333 0.02
27.7 0.081235999 0.033333333 0.02
27.73333333 0.073652661 0.033333333 0.02
27.76666667 0.064090363 0.033333333 0.02
27.8 0.052831542 0.033333333 0.02
27.83333333 0.04060375 0.033333333 0.02
27.86666667 0.028624381 0.033333333 0.02
27.9 0.01523998 0.033333333 0.02
27.93333333 6.96E-04 0.033333333 0.02
27.96666667 -0.013711755 0.033333333 0.02
28 -0.027474351 0.033333333 0.02
28.03333333 -0.040922328 0.033333333 0.02
28.06666667 -0.053334783 0.033333333 0.02
28.1 -0.063947859 0.033333333 0.02
28.13333333 -0.074258628 0.033333333 0.02
28.16666667 -0.082784508 0.033333333 0.02
28.2 -0.087889325 0.033333333 0.02
28.23333333 -0.09273249 0.033333333 0.02
28.26666667 -0.095832454 0.033333333 0.02
28.3 -0.097475361 0.033333333 0.02
28.33333333 -0.097471295 0.033333333 0.02
28.36666667 -0.096311688 0.033333333 0.02
28.4 -0.093582258 0.033333333 0.02
28.43333333 -0.08865452 0.033333333 0.02
28.46666667 -0.082529955 0.033333333 0.02
28.5 -0.0747883 0.033333333 0.02
28.53333333 -0.065272645 0.033333333 0.02
28.56666667 -0.054162418 0.033333333 0.02
28.6 -0.042043185 0.033333333 0.02
28.63333333 -0.029063071 0.033333333 0.02
28.66666667 -0.015330231 0.033333333 0.02
28.7 -0.001466524 0.033333333 0.02
28.73333333 0.01241199 0.033333333 0.02
28.76666667 0.026108878 0.033333333 0.02
28.8 0.039342316 0.033333333 0.02
28.83333333 0.051448583 0.033333333 0.02
28.86666667 0.062298674 0.033333333 0.02
28.9 0.072000825 0.033333333 0.02
28.93333333 0.079811447 0.033333333 0.02
28.96666667 0.086167833 0.033333333 0.02
29 0.09112059 0.033333333 0.02
29.03333333 0.093675515 0.033333333 0.02
29.06666667 0.094573672 0.033333333 0.02
29.1 0.093569609 0.033333333 0.02
29.13333333 0.090829356 0.033333333 0.02
29.16666667 0.086287757 0.033333333 0.02
29.2 0.079995054 0.033333333 0.02
29.23333333 0.072037352 0.033333333 0.02
29.26666667 0.062422282 0.033333333 0.02
29.3 0.051670703 0.033333333 0.02
29.33333333 0.039765897 0.033333333 0.02
29.36666667 0.026361104 0.033333333 0.02
29.4 0.012839125 0.033333333 0.02
29.43333333 -0.001198445 0.033333333 0.02
29.46666667 -0.015108795 0.033333333 0.02
29.5 -0.028747838 0.033333333 0.02
29.53333333 -0.04139981 0.033333333 0.02
29.56666667 -0.053141127 0.033333333 0.02
29.6 -0.063884086 0.033333333 0.02
29.63333333 -0.072868911 0.033333333 0.02
29.66666667 -0.080777449 0.033333333 0.02
29.7 -0.087119521 0.033333333 0.02
29.73333333 -0.091185951 0.033333333 0.02
29.76666667 -0.094498261 0.033333333 0.02
29.8 -0.095790193 0.033333333 0.02
29.83333333 -0.095556172 0.033333333 0.02
29.86666667 -0.093820094 0.033333333 0.02
29.9 -0.090424804 0.033333333 0.02
29.93333333 -0.085557197 0.033333333 0.02
29.96666667 -0.079203775 0.033333333 0.02
30 -0.071214075 0.033333333 0.02
30.03333333 -0.061693961 0.033333333 0.02
30.06666667 -0.050982178 0.033333333 0.02
30.1 -0.039146472 0.033333333 0.02
30.13333333 -0.026419634 0.033333333 0.02
30.16666667 -0.012927956 0.033333333 0.02
30.2 6.37E-04 0.033333333 0.02
30.23333333 0.013964513 0.033333333 0.02
30.26666667 0.027352573 0.033333333 0.02
30.3 0.039763493 0.033333333 0.02
30.33333333 0.051109547 0.033333333 0.02
30.36666667 0.061440027 0.033333333 0.02
30.4 0.070473941 0.033333333 0.02
30.43333333 0.077932985 0.033333333 0.02
30.46666667 0.083790987 0.033333333 0.02
30.5 0.088030258 0.033333333 0.02
30.53333333 0.090612003 0.033333333 0.02
30.56666667 0.091268141 0.033333333 0.02
30.6 0.090219681 0.033333333 0.02
30.63333333 0.087245859 0.033333333 0.02
30.66666667 0.082696154 0.033333333 0.02
30.7 0.07645631 0.033333333 0.02
30.73333333 0.068603842 0.033333333 0.02
30.76666667 0.059195115 0.033333333 0.02
30.8 0.048533827 0.033333333 0.02
30.83333333 0.036897685 0.033333333 0.02
30.86666667 0.0242181 0.033333333 0.02
30.9 0.010978029 0.033333333 0.02
30.93333333 -0.002623804 0.033333333 0.02
30.96666667 -0.016324672 0.033333333 0.02
31 -0.029286073 0.033333333 0.02
31.03333333 -0.041589375 0.033333333 0.02
31.06666667 -0.053158264 0.033333333 0.02
31.1 -0.063212479 0.033333333 0.02
31.13333333 -0.072049334 0.033333333 0.02
31.16666667 -0.079764563 0.033333333 0.02
31.2 -0.085423283 0.033333333 0.02
31.23333333 -0.089604283 0.033333333 0.02
31.26666667 -0.092569032 0.033333333 0.02
31.3 -0.093645723 0.033333333 0.02
31.33333333 -0.093235987 0.033333333 0.02
31.36666667 -0.091459249 0.033333333 0.02
31.4 -0.088344105 0.033333333 0.02
31.43333333 -0.083582045 0.033333333 0.02
31.46666667 -0.077106524 0.033333333 0.02
31.5 -0.068995992 0.033333333 0.02
31.53333333 -0.059699301 0.033333333 0.02
31.56666667 -0.048915969 0.033333333 0.02
31.6 -0.03717428 0.033333333 0.02
31.63333333 -0.024823059 0.033333333 0.02
31.66666667 -0.011745709 0.033333333 0.02
31.7 0.001622948 0.033333333 0.02
31.73333333 0.014811661 0.033333333 0.02
31.76666667 0.027831877 0.033333333 0.02
31.8 0.039834061 0.033333333 0.02
31.83333333 0.051331415 0.033333333 0.02
31.86666667 0.061467678 0.033333333 0.02
31.9 0.070442981 0.033333333 0.02
31.93333333 0.077584261 0.033333333 0.02
31.96666667 0.083327907 0.033333333 0.02
32 0.0873431 0.033333333 0.02
32.03333333 0.089684483 0.033333333 0.02
32.06666667 0.090218516 0.033333333 0.02
32.1 0.088979499 0.033333333 0.02
32.13333333 0.085946544 0.033333333 0.02
32.16666667 0.0814634 0.033333333 0.02
32.2 0.074777709 0.033333333 0.02
32.23333333 0.066876545 0.033333333 0.02
32.26666667 0.057646155 0.033333333 0.02
32.3 0.046701526 0.033333333 0.02
32.33333333 0.03503509 0.033333333 0.02
32.36666667 0.022479069 0.033333333 0.02
32.4 0.009432225 0.033333333 0.02
32.43333333 -0.003735262 0.033333333 0.02
32.46666667 -0.016880454 0.033333333 0.02
32.5 -0.029637882 0.033333333 0.02
32.53333333 -0.041562371 0.033333333 0.02
32.56666667 -0.052604357 0.033333333 0.02
32.6 -0.062472173 0.033333333 0.02
32.63333333 -0.071046311 0.033333333 0.02
32.66666667 -0.078319346 0.033333333 0.02
32.7 -0.08357732 0.033333333 0.02
32.73333333 -0.087824373 0.033333333 0.02
32.76666667 -0.090421772 0.033333333 0.02
32.8 -0.092306048 0.033333333 0.02
32.83333333 -0.091791462 0.033333333 0.02
32.86666667 -0.089404906 0.033333333 0.02
32.9 -0.086115485 0.033333333 0.02
32.93333333 -0.080817959 0.033333333 0.02
32.96666667 -0.074457502 0.033333333 0.02
33 -0.066348197 0.033333333 0.02
33.03333333 -0.057319462 0.033333333 0.02
33.06666667 -0.046742746 0.033333333 0.02
33.1 -0.035209931 0.033333333 0.02
33.13333333 -0.02285986 0.033333333 0.02
33.16666667 -0.010090685 0.033333333 0.02
33.2 0.002820392 0.033333333 0.02
33.23333333 0.015725889 0.033333333 0.02
33.26666667 0.02837649 0.033333333 0.02
33.3 0.040287366 0.033333333 0.02
33.33333333 0.051313204 0.033333333 0.02
33.36666667 0.060815429 0.033333333 0.02
33.4 0.069032744 0.033333333 0.02
33.43333333 0.075876172 0.033333333 0.02
33.46666667 0.081090414 0.033333333 0.02
33.5 0.084799799 0.033333333 0.02
33.53333333 0.086996953 0.033333333 0.02
33.56666667 0.087084818 0.033333333 0.02
33.6 0.085780211 0.033333333 0.02
33.63333333 0.082720455 0.033333333 0.02
33.66666667 0.078039063 0.033333333 0.02
33.7 0.07192669 0.033333333 0.02
33.73333333 0.064050388 0.033333333 0.02
33.76666667 0.054553587 0.033333333 0.02
33.8 0.043910623 0.033333333 0.02
33.83333333 0.032595046 0.033333333 0.02
33.86666667 0.020058268 0.033333333 0.02
33.9 0.007200941 0.033333333 0.02
33.93333333 -0.005911198 0.033333333 0.02
33.96666667 -0.018575849 0.033333333 0.02
34 -0.030928241 0.033333333 0.02
34.03333333 -0.042458737 0.033333333 0.02
34.06666667 -0.05317911 0.033333333 0.02
34.1 -0.062730554 0.033333333 0.02
34.13333333 -0.070708362 0.033333333 0.02
34.16666667 -0.077500211 0.033333333 0.02
34.2 -0.083010398 0.033333333 0.02
34.23333333 -0.086848293 0.033333333 0.02
34.26666667 -0.088885333 0.033333333 0.02
34.3 -0.090014181 0.033333333 0.02
34.33333333 -0.089849264 0.033333333 0.02
34.36666667 -0.087614589 0.033333333 0.02
34.4 -0.084044373 0.033333333 0.02
34.43333333 -0.078767218 0.033333333 0.02
34.46666667 -0.072227343 0.033333333 0.02
34.5 -0.06411027 0.033333333 0.02
34.53333333 -0.054732059 0.033333333 0.02
34.56666667 -0.044394403 0.033333333 0.02
34.6 -0.032975346 0.033333333 0.02
34.63333333 -0.020802992 0.033333333 0.02
34.66666667 -0.008253119 0.033333333 0.02
34.7 0.004629111 0.033333333 0.02
34.73333333 0.017137599 0.033333333 0.02
34.76666667 0.029313053 0.033333333 0.02
34.8 0.041017547 0.033333333 0.02
34.83333333 0.051718151 0.033333333 0.02
34.86666667 0.060840326 0.033333333 0.02
34.9 0.068857262 0.033333333 0.02
34.93333333 0.075354881 0.033333333 0.02
34.96666667 0.080449235 0.033333333 0.02
35 0.083796079 0.033333333 0.02
35.03333333 0.085491665 0.033333333 0.02
35.06666667 0.08551682 0.033333333 0.02
35.1 0.083830712 0.033333333 0.02
35.13333333 0.080575961 0.033333333 0.02
35.16666667 0.075794179 0.033333333 0.02
35.2 0.069328382 0.033333333 0.02
35.23333333 0.061431628 0.033333333 0.02
35.26666667 0.052225238 0.033333333 0.02
35.3 0.041697799 0.033333333 0.02
35.33333333 0.030038447 0.033333333 0.02
35.36666667 0.018014242 0.033333333 0.02
35.4 0.005395381 0.033333333 0.02
35.43333333 -0.007369196 0.033333333 0.02
35.46666667 -0.019881007 0.033333333 0.02
35.5 -0.031868611 0.033333333 0.02
35.53333333 -0.042976231 0.033333333 0.02
35.56666667 -0.053249884 0.033333333 0.02
35.6 -0.062562763 0.033333333 0.02
35.63333333 -0.070490395 0.033333333 0.02
35.66666667 -0.07666291 0.033333333 0.02
35.7 -0.081593477 0.033333333 0.02
35.73333333 -0.084938292 0.033333333 0.02
35.76666667 -0.087269486 0.033333333 0.02
35.8 -0.087811523 0.033333333 0.02
35.83333333 -0.086889569 0.033333333 0.02
35.86666667 -0.084567919 0.033333333 0.02
35.9 -0.080993285 0.033333333 0.02
35.93333333 -0.075847706 0.033333333 0.02
35.96666667 -0.069066134 0.033333333 0.02
36 -0.061083489 0.033333333 0.02
36.03333333 -0.051620981 0.033333333 0.02
36.06666667 -0.041433056 0.033333333 0.02
36.1 -0.030081859 0.033333333 0.02
36.13333333 -0.018309753 0.033333333 0.02
36.16666667 -0.005835961 0.033333333 0.02
36.2 0.006599266 0.033333333 0.02
36.23333333 0.018825296 0.033333333 0.02
36.26666667 0.030693265 0.033333333 0.02
36.3 0.041880514 0.033333333 0.02
36.33333333 0.052141347 0.033333333 0.02
36.36666667 0.061298335 0.033333333 0.02
36.4 0.06899362 0.033333333 0.02
36.43333333 0.075210466 0.033333333 0.02
36.46666667 0.080054795 0.033333333 0.02
36.5 0.083233915 0.033333333 0.02
36.53333333 0.084333505 0.033333333 0.02
36.56666667 0.084368593 0.033333333 0.02
36.6 0.08218762 0.033333333 0.02
36.63333333 0.078872967 0.033333333 0.02
36.66666667 0.073620382 0.033333333 0.02
36.7 0.06705681 0.033333333 0.02
36.73333333 0.058864346 0.033333333 0.02
36.76666667 0.049156373 0.033333333 0.02
36.8 0.038595225 0.033333333 0.02
36.83333333 0.026947119 0.033333333 0.02
36.86666667 0.015119378 0.033333333 0.02
36.9 0.002826431 0.033333333 0.02
36.93333333 -0.009757897 0.033333333 0.02
36.96666667 -0.021764805 0.033333333 0.02
37 -0.033372138 0.033333333 0.02
37.03333333 -0.044263875 0.033333333 0.02
37.06666667 -0.05405947 0.033333333 0.02
37.1 -0.062852588 0.033333333 0.02
37.13333333 -0.070177575 0.033333333 0.02
37.16666667 -0.076378824 0.033333333 0.02
37.2 -0.080827449 0.033333333 0.02
37.23333333 -0.084085469 0.033333333 0.02
37.26666667 -0.085755487 0.033333333 0.02
37.3 -0.0858496 0.033333333 0.02
37.33333333 -0.084677291 0.033333333 0.02
37.36666667 -0.082391188 0.033333333 0.02
37.4 -0.078633363 0.033333333 0.02
37.43333333 -0.073325 0.033333333 0.02
37.46666667 -0.066487939 0.033333333 0.02
37.5 -0.058454432 0.033333333 0.02
37.53333333 -0.049360424 0.033333333 0.02
37.56666667 -0.038976797 0.033333333 0.02
37.6 -0.027804761 0.033333333 0.02
37.63333333 -0.015978713 0.033333333 0.02
37.66666667 -0.003695471 0.033333333 0.02
37.7 0.008571226 0.033333333 0.02
37.73333333 0.020401036 0.033333333 0.02
37.76666667 0.031942201 0.033333333 0.02
37.8 0.042728347 0.033333333 0.02
37.83333333 0.052522604 0.033333333 0.02
37.86666667 0.060987758 0.033333333 0.02
37.9 0.068256883 0.033333333 0.02
37.93333333 0.073968936 0.033333333 0.02
37.96666667 0.078382833 0.033333333 0.02
38 0.081099204 0.033333333 0.02
38.03333333 0.082203098 0.033333333 0.02
38.06666667 0.081617392 0.033333333 0.02
38.1 0.079475909 0.033333333 0.02
38.13333333 0.075633771 0.033333333 0.02
38.16666667 0.070319495 0.033333333 0.02
38.2 0.063584036 0.033333333 0.02
38.23333333 0.055499112 0.033333333 0.02
38.26666667 0.046044118 0.033333333 0.02
38.3 0.035761688 0.033333333 0.02
38.33333333 0.024312313 0.033333333 0.02
38.36666667 0.01249757 0.033333333 0.02
38.4 5.30E-04 0.033333333 0.02
38.43333333 -0.011653027 0.033333333 0.02
38.46666667 -0.023507127 0.033333333 0.02
38.5 -0.034694113 0.033333333 0.02
38.53333333 -0.044901243 0.033333333 0.02
38.56666667 -0.054258004 0.033333333 0.02
38.6 -0.062745606 0.033333333 0.02
38.63333333 -0.069397073 0.033333333 0.02
38.66666667 -0.075090053 0.033333333 0.02
38.7 -0.079377973 0.033333333 0.02
38.73333333 -0.082358701 0.033333333 0.02
38.76666667 -0.083690668 0.033333333 0.02
38.8 -0.083624643 0.033333333 0.02
38.83333333 -0.082404471 0.033333333 0.02
38.86666667 -0.079687275 0.033333333 0.02
38.9 -0.075926036 0.033333333 0.02
38.93333333 -0.070108143 0.033333333 0.02
38.96666667 -0.063290781 0.033333333 0.02
39 -0.055114179 0.033333333 0.02
39.03333333 -0.045992771 0.033333333 0.02
39.06666667 -0.035611953 0.033333333 0.02
39.1 -0.024530434 0.033333333 0.02
39.13333333 -0.012777827 0.033333333 0.02
39.16666667 -9.58E-04 0.033333333 0.02
39.2 0.011161939 0.033333333 0.02
39.23333333 0.022662737 0.033333333 0.02
39.26666667 0.033945508 0.033333333 0.02
39.3 0.044282886 0.033333333 0.02
39.33333333 0.053601851 0.033333333 0.02
39.36666667 0.06176352 0.033333333 0.02
39.4 0.068493344 0.033333333 0.02
39.43333333 0.073739909 0.033333333 0.02
39.46666667 0.077509801 0.033333333 0.02
39.5 0.080025701 0.033333333 0.02
39.53333333 0.080687212 0.033333333 0.02
39.56666667 0.079714295 0.033333333 0.02
39.6 0.077316435 0.033333333 0.02
39.63333333 0.073168278 0.033333333 0.02
39.66666667 0.067560684 0.033333333 0.02
39.7 0.061157057 0.033333333 0.02
39.73333333 0.052746624 0.033333333 0.02
39.76666667 0.043259702 0.033333333 0.02
39.8 0.03263751 0.033333333 0.02
39.83333333 0.021423717 0.033333333 0.02
39.86666667 0.009938892 0.033333333 0.02
39.9 -0.002064122 0.033333333 0.02
39.93333333 -0.013789367 0.033333333 0.02
39.96666667 -0.025275477 0.033333333 0.02
40 -0.036103287 0.033333333 0.02
40.03333333 -0.04615344 0.033333333 0.02
40.06666667 -0.05519747 0.033333333 0.02
40.1 -0.063142848 0.033333333 0.02
40.13333333 -0.069736773 0.033333333 0.02
40.16666667 -0.074875996 0.033333333 0.02
40.2 -0.078728841 0.033333333 0.02
40.23333333 -0.08136417 0.033333333 0.02
40.26666667 -0.082376253 0.033333333 0.02
40.3 -0.082430927 0.033333333 0.02
40.33333333 -0.080560541 0.033333333 0.02
40.36666667 -0.077689223 0.033333333 0.02
40.4 -0.073485686 0.033333333 0.02
40.43333333 -0.067621515 0.033333333 0.02
40.46666667 -0.060555942 0.033333333 0.02
40.5 -0.052063667 0.033333333 0.02
40.53333333 -0.042664623 0.033333333 0.02
40.56666667 -0.03248361 0.033333333 0.02
40.6 -0.021543653 0.033333333 0.02
40.63333333 -0.009938808 0.033333333 0.02
40.66666667 0.001771914 0.033333333 0.02
40.7 0.013453811 0.033333333 0.02
40.73333333 0.024649129 0.033333333 0.02
40.76666667 0.035514817 0.033333333 0.02
40.8 0.045530606 0.033333333 0.02
40.83333333 0.054578315 0.033333333 0.02
40.86666667 0.06242214 0.033333333 0.02
40.9 0.068839779 0.033333333 0.02
40.93333333 0.073828136 0.033333333 0.02
40.96666667 0.077364363 0.033333333 0.02
41 0.079401034 0.033333333 0.02
41.03333333 0.079620223 0.033333333 0.02
41.06666667 0.078363354 0.033333333 0.02
41.1 0.075296709 0.033333333 0.02
41.13333333 0.070976449 0.033333333 0.02
41.16666667 0.065073282 0.033333333 0.02
41.2 0.057714638 0.033333333 0.02
41.23333333 0.04913842 0.033333333 0.02
41.26666667 0.039573305 0.033333333 0.02
41.3 0.029068434 0.033333333 0.02
41.33333333 0.018140866 0.033333333 0.02
41.36666667 0.006596814 0.033333333 0.02
41.4 -0.005051013 0.033333333 0.02
41.43333333 -0.01660032 0.033333333 0.02
41.46666667 -0.027673888 0.033333333 0.02
41.5 -0.038162862 0.033333333 0.02
41.53333333 -0.047714052 0.033333333 0.02
41.56666667 -0.056191713 0.033333333 0.02
41.6 -0.063505797 0.033333333 0.02
41.63333333 -0.069711726 0.033333333 0.02
41.66666667 -0.074395711 0.033333333 0.02
41.7 -0.078054515 0.033333333 0.02
41.73333333 -0.080547962 0.033333333 0.02
41.76666667 -0.081331444 0.033333333 0.02
41.8 -0.080978402 0.033333333 0.02
41.83333333 -0.079024837 0.033333333 0.02
41.86666667 -0.075567065 0.033333333 0.02
41.9 -0.070733722 0.033333333 0.02
41.93333333 -0.064766819 0.033333333 0.02
41.96666667 -0.057776127 0.033333333 0.02
42 -0.049216969 0.033333333 0.02
42.03333333 -0.039855232 0.033333333 0.02
42.06666667 -0.029627833 0.033333333 0.02
42.1 -0.018613467 0.033333333 0.02
42.13333333 -0.007308179 0.033333333 0.02
42.16666667 0.004278369 0.033333333 0.02
42.2 0.015605686 0.033333333 0.02
42.23333333 0.026488322 0.033333333 0.02
42.26666667 0.036724423 0.033333333 0.02
42.3 0.046335367 0.033333333 0.02
42.33333333 0.05500994 0.033333333 0.02
42.36666667 0.061937559 0.033333333 0.02
42.4 0.067724394 0.033333333 0.02
42.43333333 0.072465475 0.033333333 0.02
42.46666667 0.075307235 0.033333333 0.02
42.5 0.076843703 0.033333333 0.02
42.53333333 0.076760861 0.033333333 0.02
42.56666667 0.075195028 0.033333333 0.02
42.6 0.071975601 0.033333333 0.02
42.63333333 0.067812379 0.033333333 0.02
42.66666667 0.061475402 0.033333333 0.02
42.7 0.054197665 0.033333333 0.02
42.73333333 0.045842054 0.033333333 0.02
42.76666667 0.036125997 0.033333333 0.02
42.8 0.025682226 0.033333333 0.02
42.83333333 0.014629734 0.033333333 0.02
42.86666667 0.003303787 0.033333333 0.02
42.9 -0.007908339 0.033333333 0.02
42.93333333 -0.019113128 0.033333333 0.02
42.96666667 -0.029696861 0.033333333 0.02
43 -0.039998695 0.033333333 0.02
43.03333333 -0.04892321 0.033333333 0.02
43.06666667 -0.056822695 0.033333333 0.02
43.1 -0.063779619 0.033333333 0.02
43.13333333 -0.069325009 0.033333333 0.02
43.16666667 -0.07399501 0.033333333 0.02
43.2 -0.077131914 0.033333333 0.02
43.23333333 -0.0787704 0.033333333 0.02
43.26666667 -0.079339223 0.033333333 0.02
43.3 -0.078284689 0.033333333 0.02
43.33333333 -0.076041027 0.033333333 0.02
43.36666667 -0.072333478 0.033333333 0.02
43.4 -0.067562591 0.033333333 0.02
43.43333333 -0.061282021 0.033333333 0.02
43.46666667 -0.053945231 0.033333333 0.02
43.5 -0.045305666 0.033333333 0.02
43.53333333 -0.035930602 0.033333333 0.02
43.56666667 -0.025478296 0.033333333 0.02
43.6 -0.014642806 0.033333333 0.02
43.63333333 -0.003605518 0.033333333 0.02
43.66666667 0.007670292 0.033333333 0.02
43.7 0.018804256 0.033333333 0.02
43.73333333 0.029505819 0.033333333 0.02
43.76666667 0.039504664 0.033333333 0.02
43.8 0.048745665 0.033333333 0.02
43.83333333 0.057049013 0.033333333 0.02
43.86666667 0.064340165 0.033333333 0.02
43.9 0.069364714 0.033333333 0.02
43.93333333 0.07362662 0.033333333 0.02
43.96666667 0.076703788 0.033333333 0.02
44 0.07772659 0.033333333 0.02
44.03333333 0.077256859 0.033333333 0.02
44.06666667 0.075127621 0.033333333 0.02
44.1 0.071475926 0.033333333 0.02
44.13333333 0.066115507 0.033333333 0.02
44.16666667 0.05928201 0.033333333 0.02
44.2 0.05156617 0.033333333 0.02
44.23333333 0.042823309 0.033333333 0.02
44.26666667 0.033025256 0.033333333 0.02
44.3 0.022527858 0.033333333 0.02
44.33333333 0.011545137 0.033333333 0.02
44.36666667 4.24E-04 0.033333333 0.02
44.4 -0.010642632 0.033333333 0.02
44.43333333 -0.021481356 0.033333333 0.02
44.46666667 -0.031884858 0.033333333 0.02
44.5 -0.041600284 0.033333333 0.02
44.53333333 -0.050341786 0.033333333 0.02
44.56666667 -0.057973866 0.033333333 0.02
44.6 -0.06442321 0.033333333 0.02
44.63333333 -0.069731906 0.033333333 0.02
44.66666667 -0.073626946 0.033333333 0.02
44.7 -0.076510098 0.033333333 0.02
44.73333333 -0.077738545 0.033333333 0.02
44.76666667 -0.077671519 0.033333333 0.02
44.8 -0.076600358 0.033333333 0.02
44.83333333 -0.073925661 0.033333333 0.02
44.86666667 -0.070129604 0.033333333 0.02
44.9 -0.064921174 0.033333333 0.02
44.93333333 -0.058448748 0.033333333 0.02
44.96666667 -0.050625247 0.033333333 0.02
45 -0.0420438 0.033333333 0.02
45.03333333 -0.032376194 0.033333333 0.02
45.06666667 -0.022204223 0.033333333 0.02
45.1 -0.011402894 0.033333333 0.02
45.13333333 -3.82E-04 0.033333333 0.02
45.16666667 0.010660879 0.033333333 0.02
45.2 0.021381971 0.033333333 0.02
45.23333333 0.031610973 0.033333333 0.02
45.26666667 0.041208557 0.033333333 0.02
45.3 0.050064895 0.033333333 0.02
45.33333333 0.057397052 0.033333333 0.02
45.36666667 0.064050563 0.033333333 0.02
45.4 0.069185365 0.033333333 0.02
45.43333333 0.072915464 0.033333333 0.02
45.46666667 0.07490029 0.033333333 0.02
45.5 0.075170078 0.033333333 0.02
45.53333333 0.074310577 0.033333333 0.02
45.56666667 0.071562092 0.033333333 0.02
45.6 0.067718211 0.033333333 0.02
45.63333333 0.062323991 0.033333333 0.02
45.66666667 0.055552569 0.033333333 0.02
45.7 0.047670197 0.033333333 0.02
45.73333333 0.038765832 0.033333333 0.02
45.76666667 0.028943747 0.033333333 0.02
45.8 0.0185303 0.033333333 0.02
45.83333333 0.007849769 0.033333333 0.02
45.86666667 -0.003073717 0.033333333 0.02
45.9 -0.013945756 0.033333333 0.02
45.93333333 -0.024553443 0.033333333 0.02
45.96666667 -0.034453315 0.033333333 0.02
46 -0.043464091 0.033333333 0.02
46.03333333 -0.05157533 0.033333333 0.02
46.06666667 -0.05903354 0.033333333 0.02
46.1 -0.064888026 0.033333333 0.02
46.13333333 -0.069694916 0.033333333 0.02
46.16666667 -0.073292295 0.033333333 0.02
46.2 -0.075573198 0.033333333 0.02
46.23333333 -0.076451173 0.033333333 0.02
46.26666667 -0.076144704 0.033333333 0.02
46.3 -0.074415827 0.033333333 0.02
46.33333333 -0.071718764 0.033333333 0.02
46.36666667 -0.067533429 0.033333333 0.02
46.4 -0.061936006 0.033333333 0.02
46.43333333 -0.055271018 0.033333333 0.02
46.46666667 -0.047388124 0.033333333 0.02
46.5 -0.038723966 0.033333333 0.02
46.53333333 -0.029032382 0.033333333 0.02
46.56666667 -0.018851712 0.033333333 0.02
46.6 -0.008161184 0.033333333 0.02
46.63333333 0.002542547 0.033333333 0.02
46.66666667 0.013365075 0.033333333 0.02
46.7 0.023968022 0.033333333 0.02
46.73333333 0.033886278 0.033333333 0.02
46.76666667 0.04285433 0.033333333 0.02
46.8 0.050877335 0.033333333 0.02
46.83333333 0.057814544 0.033333333 0.02
46.86666667 0.063514929 0.033333333 0.02
46.9 0.067802982 0.033333333 0.02
46.93333333 0.070472127 0.033333333 0.02
46.96666667 0.072046136 0.033333333 0.02
47 0.072106112 0.033333333 0.02
47.03333333 0.070550207 0.033333333 0.02
47.06666667 0.067782226 0.033333333 0.02
47.1 0.06352101 0.033333333 0.02
47.13333333 0.057882477 0.033333333 0.02
47.16666667 0.050943256 0.033333333 0.02
47.2 0.042985433 0.033333333 0.02
47.23333333 0.034082686 0.033333333 0.02
47.26666667 0.024246206 0.033333333 0.02
47.3 0.014067718 0.033333333 0.02
47.33333333 0.003539154 0.033333333 0.02
47.36666667 -0.007215555 0.033333333 0.02
47.4 -0.017711993 0.033333333 0.02
47.43333333 -0.027988569 0.033333333 0.02
47.46666667 -0.037645463 0.033333333 0.02
47.5 -0.046465088 0.033333333 0.02
47.53333333 -0.054375579 0.033333333 0.02
47.56666667 -0.061140976 0.033333333 0.02
47.6 -0.066909023 0.033333333 0.02
47.63333333 -0.071208789 0.033333333 0.02
47.66666667 -0.074399354 0.033333333 0.02
47.7 -0.076151766 0.033333333 0.02
47.73333333 -0.076980387 0.033333333 0.02
47.76666667 -0.075560015 0.033333333 0.02
47.8 -0.073539161 0.033333333 0.02
47.83333333 -0.070056093 0.033333333 0.02
47.86666667 -0.065393443 0.033333333 0.02
47.9 -0.059582283 0.033333333 0.02
47.93333333 -0.052569154 0.033333333 0.02
47.96666667 -0.044467759 0.033333333 0.02
48 -0.03553639 0.033333333 0.02
48.03333333 -0.025775421 0.033333333 0.02
48.06666667 -0.015580613 0.033333333 0.02
48.1 -0.005213724 0.033333333 0.02
48.13333333 0.005467325 0.033333333 0.02
48.16666667 0.016013018 0.033333333 0.02
48.2 0.026218339 0.033333333 0.02
48.23333333 0.035625671 0.033333333 0.02
48.26666667 0.04431114 0.033333333 0.02
48.3 0.051906136 0.033333333 0.02
48.33333333 0.058208955 0.033333333 0.02
48.36666667 0.063622822 0.033333333 0.02
48.4 0.067344391 0.033333333 0.02
48.43333333 0.069564201 0.033333333 0.02
48.46666667 0.07061796 0.033333333 0.02
48.5 0.070305152 0.033333333 0.02
48.53333333 0.068423483 0.033333333 0.02
48.56666667 0.065119486 0.033333333 0.02
48.6 0.06059208 0.033333333 0.02
48.63333333 0.055003106 0.033333333 0.02
48.66666667 0.047694346 0.033333333 0.02
48.7 0.039637748 0.033333333 0.02
48.73333333 0.030441739 0.033333333 0.02
48.76666667 0.02064553 0.033333333 0.02
48.8 0.010721247 0.033333333 0.02
48.83333333 1.75E-04 0.033333333 0.02
48.86666667 -0.010502235 0.033333333 0.02
48.9 -0.020544054 0.033333333 0.02
48.93333333 -0.030232264 0.033333333 0.02
48.96666667 -0.039286159 0.033333333 0.02
49 -0.047694057 0.033333333 0.02
49.03333333 -0.055187604 0.033333333 0.02
49.06666667 -0.061133115 0.033333333 0.02
49.1 -0.066160985 0.033333333 0.02
49.13333333 -0.070186526 0.033333333 0.02
49.16666667 -0.072940205 0.033333333 0.02
49.2 -0.074421006 0.033333333 0.02
49.23333333 -0.07442187 0.033333333 0.02
49.26666667 -0.073187971 0.033333333 0.02
49.3 -0.070600622 0.033333333 0.02
49.33333333 -0.067016963 0.033333333 0.02
49.36666667 -0.062179723 0.033333333 0.02
49.4 -0.055874055 0.033333333 0.02
49.43333333 -0.048730157 0.033333333 0.02
49.46666667 -0.040329477 0.033333333 0.02
49.5 -0.031350222 0.033333333 0.02
49.53333333 -0.021715385 0.033333333 0.02
49.56666667 -0.011501876 0.033333333 0.02
49.6 -0.001012119 0.033333333 0.02
49.63333333 0.009223941 0.033333333 0.02
49.66666667 0.019406698 0.033333333 0.02
49.7 0.029387418 0.033333333 0.02
49.73333333 0.038480886 0.033333333 0.02
49.76666667 0.046516228 0.033333333 0.02
49.8 0.053739278 0.033333333 0.02
49.83333333 0.059790992 0.033333333 0.02
49.86666667 0.064606932 0.033333333 0.02
49.9 0.067988671 0.033333333 0.02
49.93333333 0.069401917 0.033333333 0.02
49.96666667 0.070042915 0.033333333 0.02
50 0.069296896 0.033333333 0.02
50.03333333 0.066748459 0.033333333 0.02
50.06666667 0.062976407 0.033333333 0.02
50.1 0.057739178 0.033333333 0.02
50.13333333 0.051355217 0.033333333 0.02
50.16666667 0.043969631 0.033333333 0.02
50.2 0.035322765 0.033333333 0.02
50.23333333 0.026323499 0.033333333 0.02
50.26666667 0.016655213 0.033333333 0.02
50.3 0.006563623 0.033333333 0.02
50.33333333 -0.003673042 0.033333333 0.02
50.36666667 -0.013844594 0.033333333 0.02
50.4 -0.023846532 0.033333333 0.02
50.43333333 -0.033407159 0.033333333 0.02
50.46666667 -0.041989588 0.033333333 0.02
50.5 -0.049931685 0.033333333 0.02
50.53333333 -0.056444704 0.033333333 0.02
50.56666667 -0.062188588 0.033333333 0.02
50.6 -0.066601257 0.033333333 0.02
50.63333333 -0.069996914 0.033333333 0.02
50.66666667 -0.072290616 0.033333333 0.02
50.7 -0.073727331 0.033333333 0.02
50.73333333 -0.072899803 0.033333333 0.02
50.76666667 -0.071574912 0.033333333 0.02
50.8 -0.068238671 0.033333333 0.02
50.83333333 -0.064460689 0.033333333 0.02
50.86666667 -0.058955925 0.033333333 0.02
50.9 -0.052586093 0.033333333 0.02
50.93333333 -0.045062125 0.033333333 0.02
50.96666667 -0.036601382 0.033333333 0.02
51 -0.02759409 0.033333333 0.02
51.03333333 -0.017906588 0.033333333 0.02
51.06666667 -0.007930711 0.033333333 0.02
51.1 0.002490905 0.033333333 0.02
51.13333333 0.012803266 0.033333333 0.02
51.16666667 0.022499158 0.033333333 0.02
51.2 0.031716287 0.033333333 0.02
51.23333333 0.040168508 0.033333333 0.02
51.26666667 0.048079503 0.033333333 0.02
51.3 0.054063615 0.033333333 0.02
51.33333333 0.05930956 0.033333333 0.02
51.36666667 0.063555337 0.033333333 0.02
51.4 0.066195182 0.033333333 0.02
51.43333333 0.067352551 0.033333333 0.02
51.46666667 0.067231034 0.033333333 0.02
51.5 0.066162003 0.033333333 0.02
51.53333333 0.063004146 0.033333333 0.02
51.56666667 0.059251913 0.033333333 0.02
51.6 0.053946622 0.033333333 0.02
51.63333333 0.047558975 0.033333333 0.02
51.66666667 0.040040353 0.033333333 0.02
51.7 0.031574272 0.033333333 0.02
51.73333333 0.022157658 0.033333333 0.02
51.76666667 0.012486254 0.033333333 0.02
51.8 0.002406696 0.033333333 0.02
51.83333333 -0.007704321 0.033333333 0.02
51.86666667 -0.017719876 0.033333333 0.02
51.9 -0.027067521 0.033333333 0.02
51.93333333 -0.036025386 0.033333333 0.02
51.96666667 -0.044462488 0.033333333 0.02
52 -0.052009681 0.033333333 0.02
52.03333333 -0.058402825 0.033333333 0.02
52.06666667 -0.063677849 0.033333333 0.02
52.1 -0.067892447 0.033333333 0.02
52.13333333 -0.070996463 0.033333333 0.02
52.16666667 -0.072864903 0.033333333 0.02
52.2 -0.07268314 0.033333333 0.02
52.23333333 -0.071807074 0.033333333 0.02
52.26666667 -0.069682043 0.033333333 0.02
52.3 -0.066416349 0.033333333 0.02
52.33333333 -0.061574522 0.033333333 0.02
52.36666667 -0.055835981 0.033333333 0.02
52.4 -0.049199081 0.033333333 0.02
52.43333333 -0.041520324 0.033333333 0.02
52.46666667 -0.032977499 0.033333333 0.02
52.5 -0.023430411 0.033333333 0.02
52.53333333 -0.013787518 0.033333333 0.02
52.56666667 -0.003628965 0.033333333 0.02
52.6 0.006431787 0.033333333 0.02
52.63333333 0.016343454 0.033333333 0.02
52.66666667 0.025697807 0.033333333 0.02
52.7 0.034725897 0.033333333 0.02
52.73333333 0.042807904 0.033333333 0.02
52.76666667 0.049673895 0.033333333 0.02
52.8 0.056151141 0.033333333 0.02
52.83333333 0.060862172 0.033333333 0.02
52.86666667 0.064085683 0.033333333 0.02
52.9 0.066262286 0.033333333 0.02
52.93333333 0.067298523 0.033333333 0.02
52.96666667 0.066805895 0.033333333 0.02
53 0.064698792 0.033333333 0.02
53.03333333 0.061422314 0.033333333 0.02
53.06666667 0.056700755 0.033333333 0.02
53.1 0.050887918 0.033333333 0.02
53.13333333 0.043849514 0.033333333 0.02
53.16666667 0.035955431 0.033333333 0.02
53.2 0.027418611 0.033333333 0.02
53.23333333 0.018109441 0.033333333 0.02
53.26666667 0.008526298 0.033333333 0.02
53.3 -0.001451417 0.033333333 0.02
53.33333333 -0.011221536 0.033333333 0.02
53.36666667 -0.020964513 0.033333333 0.02
53.4 -0.030200391 0.033333333 0.02
53.43333333 -0.038844685 0.033333333 0.02
53.46666667 -0.046691509 0.033333333 0.02
53.5 -0.053508488 0.033333333 0.02
53.53333333 -0.059454592 0.033333333 0.02
53.56666667 -0.064110399 0.033333333 0.02
53.6 -0.067610557 0.033333333 0.02
53.63333333 -0.069789533 0.033333333 0.02
53.66666667 -0.070774287 0.033333333 0.02
53.7 -0.071029401 0.033333333 0.02
53.73333333 -0.069682723 0.033333333 0.02
53.76666667 -0.066972944 0.033333333 0.02
53.8 -0.06327334 0.033333333 0.02
53.83333333 -0.058498711 0.033333333 0.02
53.86666667 -0.052533295 0.033333333 0.02
53.9 -0.045628584 0.033333333 0.02
53.93333333 -0.037625216 0.033333333 0.02
53.96666667 -0.028927038 0.033333333 0.02
54 -0.019487261 0.033333333 0.02
54.03333333 -0.009919284 0.033333333 0.02
54.06666667 7.40E-06 0.033333333 0.02
54.1 0.010048569 0.033333333 0.02
54.13333333 0.019397049 0.033333333 0.02
54.16666667 0.028432858 0.033333333 0.02
54.2 0.036978576 0.033333333 0.02
54.23333333 0.044269379 0.033333333 0.02
54.26666667 0.050847531 0.033333333 0.02
54.3 0.056177345 0.033333333 0.02
54.33333333 0.060313399 0.033333333 0.02
54.36666667 0.06338832 0.033333333 0.02
54.4 0.065095762 0.033333333 0.02
54.43333333 0.065175321 0.033333333 0.02
54.46666667 0.064135324 0.033333333 0.02
54.5 0.061436298 0.033333333 0.02
54.53333333 0.057788214 0.033333333 0.02
54.56666667 0.052879185 0.033333333 0.02
54.6 0.046980801 0.033333333 0.02
54.63333333 0.039551131 0.033333333 0.02
54.66666667 0.031529761 0.033333333 0.02
54.7 0.022972233 0.033333333 0.02
54.73333333 0.013574798 0.033333333 0.02
54.76666667 0.003898193 0.033333333 0.02
54.8 -0.005759262 0.033333333 0.02
54.83333333 -0.015330104 0.033333333 0.02
54.86666667 -0.024759668 0.033333333 0.02
54.9 -0.033661614 0.033333333 0.02
54.93333333 -0.041734038 0.033333333 0.02
54.96666667 -0.049210616 0.033333333 0.02
55 -0.055763146 0.033333333 0.02
55.03333333 -0.060956655 0.033333333 0.02
55.06666667 -0.065826909 0.033333333 0.02
55.1 -0.068496556 0.033333333 0.02
55.13333333 -0.070561836 0.033333333 0.02
55.16666667 -0.071572445 0.033333333 0.02
55.2 -0.07102703 0.033333333 0.02
55.23333333 -0.068980157 0.033333333 0.02
55.26666667 -0.065807588 0.033333333 0.02
55.3 -0.061611505 0.033333333 0.02
55.33333333 -0.056277741 0.033333333 0.02
55.36666667 -0.049830758 0.033333333 0.02
55.4 -0.042248502 0.033333333 0.02
55.43333333 -0.034004005 0.033333333 0.02
55.46666667 -0.025215384 0.033333333 0.02
55.5 -0.015790233 0.033333333 0.02
55.53333333 -0.006025776 0.033333333 0.02
55.56666667 0.003639155 0.033333333 0.02
55.6 0.013164734 0.033333333 0.02
55.63333333 0.022151351 0.033333333 0.02
55.66666667 0.031064945 0.033333333 0.02
55.7 0.038975614 0.033333333 0.02
55.73333333 0.046019382 0.033333333 0.02
55.76666667 0.051935667 0.033333333 0.02
55.8 0.056709725 0.033333333 0.02
55.83333333 0.060296377 0.033333333 0.02
55.86666667 0.062458615 0.033333333 0.02
55.9 0.063555862 0.033333333 0.02
55.93333333 0.063146885 0.033333333 0.02
55.96666667 0.061506362 0.033333333 0.02
56 0.058626544 0.033333333 0.02
56.03333333 0.054414176 0.033333333 0.02
56.06666667 0.049141372 0.033333333 0.02
56.1 0.042817501 0.033333333 0.02
56.13333333 0.035373469 0.033333333 0.02
56.16666667 0.027309239 0.033333333 0.02
56.2 0.018563456 0.033333333 0.02
56.23333333 0.009275372 0.033333333 0.02
56.26666667 -3.69E-04 0.033333333 0.02
56.3 -0.009895446 0.033333333 0.02
56.33333333 -0.019144642 0.033333333 0.02
56.36666667 -0.028447939 0.033333333 0.02
56.4 -0.036690032 0.033333333 0.02
56.43333333 -0.044654516 0.033333333 0.02
56.46666667 -0.051296976 0.033333333 0.02
56.5 -0.057472611 0.033333333 0.02
56.53333333 -0.062470174 0.033333333 0.02
56.56666667 -0.066056029 0.033333333 0.02
56.6 -0.06895351 0.033333333 0.02
56.63333333 -0.070145992 0.033333333 0.02
56.66666667 -0.070368506 0.033333333 0.02
56.7 -0.069126633 0.033333333 0.02
56.73333333 -0.066600055 0.033333333 0.02
56.76666667 -0.063189106 0.033333333 0.02
56.8 -0.058385861 0.033333333 0.02
56.83333333 -0.052617937 0.033333333 0.02
56.86666667 -0.045689642 0.033333333 0.02
56.9 -0.037985413 0.033333333 0.02
56.93333333 -0.029647779 0.033333333 0.02
56.96666667 -0.020678969 0.033333333 0.02
57 -0.011422355 0.033333333 0.02
57.03333333 -0.001876134 0.033333333 0.02
57.06666667 0.007552424 0.033333333 0.02
57.1 0.017060526 0.033333333 0.02
57.13333333 0.025887422 0.033333333 0.02
57.16666667 0.034112042 0.033333333 0.02
57.2 0.041334557 0.033333333 0.02
57.23333333 0.048018301 0.033333333 0.02
57.26666667 0.053210697 0.033333333 0.02
57.3 0.057515824 0.033333333 0.02
57.33333333 0.06033076 0.033333333 0.02
57.36666667 0.061909235 0.033333333 0.02
57.4 0.062534307 0.033333333 0.02
57.43333333 0.061767619 0.033333333 0.02
57.46666667 0.059671851 0.033333333 0.02
57.5 0.056092224 0.033333333 0.02
57.53333333 0.051420373 0.033333333 0.02
57.56666667 0.045793377 0.033333333 0.02
57.6 0.039195263 0.033333333 0.02
57.63333333 0.031476413 0.033333333 0.02
57.66666667 0.023282931 0.033333333 0.02
57.7 0.014382905 0.033333333 0.02
57.73333333 0.005154144 0.033333333 0.02
57.76666667 -0.004169841 0.033333333 0.02
57.8 -0.013669127 0.033333333 0.02
57.83333333 -0.022774882 0.033333333 0.02
57.86666667 -0.031299051 0.033333333 0.02
57.9 -0.039288818 0.033333333 0.02
57.93333333 -0.046255923 0.033333333 0.02
57.96666667 -0.052943349 0.033333333 0.02
58 -0.058329273 0.033333333 0.02
58.03333333 -0.062650253 0.033333333 0.02
58.06666667 -0.065795584 0.033333333 0.02
58.1 -0.067959466 0.033333333 0.02
58.13333333 -0.068555344 0.033333333 0.02
58.16666667 -0.067533179 0.033333333 0.02
58.2 -0.066391282 0.033333333 0.02
58.23333333 -0.063875322 0.033333333 0.02
58.26666667 -0.059893543 0.033333333 0.02
58.3 -0.054732825 0.033333333 0.02
58.33333333 -0.048553885 0.033333333 0.02
58.36666667 -0.041413565 0.033333333 0.02
58.4 -0.033721163 0.033333333 0.02
58.43333333 -0.025363756 0.033333333 0.02
58.46666667 -0.016414898 0.033333333 0.02
58.5 -0.007080689 0.033333333 0.02
58.53333333 0.002350747 0.033333333 0.02
58.56666667 0.011832268 0.033333333 0.02
58.6 0.020325137 0.033333333 0.02
58.63333333 0.028976929 0.033333333 0.02
58.66666667 0.036821583 0.033333333 0.02
58.7 0.043613285 0.033333333 0.02
58.73333333 0.049690631 0.033333333 0.02
58.76666667 0.054114188 0.033333333 0.02
58.8 0.057674873 0.033333333 0.02
58.83333333 0.060232625 0.033333333 0.02
58.86666667 0.061280824 0.033333333 0.02
58.9 0.06101594 0.033333333 0.02
58.93333333 0.059815088 0.033333333 0.02
58.96666667 0.05713999 0.033333333 0.02
59 0.053448316 0.033333333 0.02
59.03333333 0.048577323 0.033333333 0.02
59.06666667 0.042295291 0.033333333 0.02
59.1 0.035350762 0.033333333 0.02
59.13333333 0.027448808 0.033333333 0.02
59.16666667 0.0190395 0.033333333 0.02
59.2 0.010192044 0.033333333 0.02
59.23333333 0.001191872 0.033333333 0.02
59.26666667 -0.008201581 0.033333333 0.02
59.3 -0.017386081 0.033333333 0.02
59.33333333 -0.025876369 0.033333333 0.02
59.36666667 -0.033984647 0.033333333 0.02
59.4 -0.041758312 0.033333333 0.02
59.43333333 -0.048646735 0.033333333 0.02
59.46666667 -0.054375046 0.033333333 0.02
59.5 -0.059312232 0.033333333 0.02
59.53333333 -0.063415475 0.033333333 0.02
59.56666667 -0.065743426 0.033333333 0.02
59.6 -0.067366102 0.033333333 0.02
59.63333333 -0.067402798 0.033333333 0.02
59.66666667 -0.066878237 0.033333333 0.02
59.7 -0.06474314 0.033333333 0.02
59.73333333 -0.061176291 0.033333333 0.02
59.76666667 -0.056613747 0.033333333 0.02
59.8 -0.051313305 0.033333333 0.02
59.83333333 -0.044851125 0.033333333 0.02
59.86666667 -0.037611953 0.033333333 0.02
59.9 -0.029578528 0.033333333 0.02
59.93333333 -0.020727815 0.033333333 0.02
59.96666667 -0.011896129 0.033333333 0.02
60 -0.002651852 0.033333333 0.02
60.03333333 0.006556866 0.033333333 0.02
60.06666667 0.015543342 0.033333333 0.02
60.1 0.024070438 0.033333333 0.02
60.13333333 0.03214106 0.033333333 0.02
60.16666667 0.039563102 0.033333333 0.02
60.2 0.045932565 0.033333333 0.02
60.23333333 0.051271596 0.033333333 0.02
60.26666667 0.055571557 0.033333333 0.02
60.3 0.058781249 0.033333333 0.02
60.33333333 0.060330833 0.033333333 0.02
60.36666667 0.060908276 0.033333333 0.02
60.4 0.060261403 0.033333333 0.02
60.43333333 0.058216824 0.033333333 0.02
60.46666667 0.054987057 0.033333333 0.02
60.5 0.050299213 0.033333333 0.02
60.53333333 0.044873871 0.033333333 0.02
60.56666667 0.038496206 0.033333333 0.02
60.6 0.031005499 0.033333333 0.02
60.63333333 0.023069276 0.033333333 0.02
60.66666667 0.014482639 0.033333333 0.02
60.7 0.005846424 0.033333333 0.02
60.73333333 -0.003047551 0.033333333 0.02
60.76666667 -0.01211428 0.033333333 0.02
60.8 -0.021189325 0.033333333 0.02
60.83333333 -0.029482274 0.033333333 0.02
60.86666667 -0.037146283 0.033333333 0.02
60.9 -0.044454887 0.033333333 0.02
60.93333333 -0.050845299 0.033333333 0.02
60.96666667 -0.056068553 0.033333333 0.02
61 -0.059897074 0.033333333 0.02
61.03333333 -0.063882715 0.033333333 0.02
61.06666667 -0.065554027 0.033333333 0.02
61.1 -0.066656965 0.033333333 0.02
61.13333333 -0.065909241 0.033333333 0.02
61.16666667 -0.064214483 0.033333333 0.02
61.2 -0.061564452 0.033333333 0.02
61.23333333 -0.057939643 0.033333333 0.02
61.26666667 -0.053181724 0.033333333 0.02
61.3 -0.047536602 0.033333333 0.02
61.33333333 -0.040752229 0.033333333 0.02
61.36666667 -0.033355053 0.033333333 0.02
61.4 -0.025018451 0.033333333 0.02
61.43333333 -0.016338507 0.033333333 0.02
61.46666667 -0.007425063 0.033333333 0.02
61.5 0.001687954 0.033333333 0.02
61.53333333 0.010822025 0.033333333 0.02
61.56666667 0.019209856 0.033333333 0.02
61.6 0.027430981 0.033333333 0.02
61.63333333 0.034839825 0.033333333 0.02
61.66666667 0.041701738 0.033333333 0.02
61.7 0.047587349 0.033333333 0.02
61.73333333 0.052322824 0.033333333 0.02
61.76666667 0.056148336 0.033333333 0.02
61.8 0.05832389 0.033333333 0.02
61.83333333 0.059318811 0.033333333 0.02
61.86666667 0.059330903 0.033333333 0.02
61.9 0.057719436 0.033333333 0.02
61.93333333 0.055544693 0.033333333 0.02
61.96666667 0.051838525 0.033333333 0.02
62 0.047082155 0.033333333 0.02
62.03333333 0.041129921 0.033333333 0.02
62.06666667 0.034401984 0.033333333 0.02
62.1 0.026797772 0.033333333 0.02
62.13333333 0.018856283 0.033333333 0.02
62.16666667 0.010314902 0.033333333 0.02
62.2 0.001237336 0.033333333 0.02
62.23333333 -0.007592645 0.033333333 0.02
62.26666667 -0.016259811 0.033333333 0.02
62.3 -0.024879399 0.033333333 0.02
62.33333333 -0.03290931 0.033333333 0.02
62.36666667 -0.040265973 0.033333333 0.02
62.4 -0.046941395 0.033333333 0.02
62.43333333 -0.052512418 0.033333333 0.02
62.46666667 -0.05693604 0.033333333 0.02
62.5 -0.060730347 0.033333333 0.02
62.53333333 -0.06316398 0.033333333 0.02
62.56666667 -0.065278617 0.033333333 0.02
62.6 -0.065672212 0.033333333 0.02
62.63333333 -0.064878298 0.033333333 0.02
62.66666667 -0.062230464 0.033333333 0.02
62.7 -0.059069741 0.033333333 0.02
62.73333333 -0.055335016 0.033333333 0.02
62.76666667 -0.050189009 0.033333333 0.02
62.8 -0.043907779 0.033333333 0.02
62.83333333 -0.036667279 0.033333333 0.02
62.86666667 -0.029153117 0.033333333 0.02
62.9 -0.020712189 0.033333333 0.02
62.93333333 -0.012133396 0.033333333 0.02
62.96666667 -0.00318488 0.033333333 0.02
63 0.005652709 0.033333333 0.02
63.03333333 0.014460782 0.033333333 0.02
63.06666667 0.022896185 0.033333333 0.02
63.1 0.03036146 0.033333333 0.02
63.13333333 0.037469944 0.033333333 0.02
63.16666667 0.043864898 0.033333333 0.02
63.2 0.048602306 0.033333333 0.02
63.23333333 0.052845334 0.033333333 0.02
63.26666667 0.055628262 0.033333333 0.02
63.3 0.057700447 0.033333333 0.02
63.33333333 0.058201967 0.033333333 0.02
63.36666667 0.057632671 0.033333333 0.02
63.4 0.055647014 0.033333333 0.02
63.43333333 0.052427178 0.033333333 0.02
63.46666667 0.04807564 0.033333333 0.02
63.5 0.043311492 0.033333333 0.02
63.53333333 0.03697682 0.033333333 0.02
63.56666667 0.030047137 0.033333333 0.02
63.6 0.022519162 0.033333333 0.02
63.63333333 0.014270176 0.033333333 0.02
63.66666667 0.005692584 0.033333333 0.02
63.7 -0.003001017 0.033333333 0.02
63.73333333 -0.011666077 0.033333333 0.02
63.76666667 -0.02012151 0.033333333 0.02
63.8 -0.028373478 0.033333333 0.02
63.83333333 -0.036189468 0.033333333 0.02
63.86666667 -0.043023666 0.033333333 0.02
63.9 -0.049018231 0.033333333 0.02
63.93333333 -0.054128966 0.033333333 0.02
63.96666667 -0.058142143 0.033333333 0.02
64 -0.061109678 0.033333333 0.02
64.03333333 -0.063100873 0.033333333 0.02
64.06666667 -0.064169842 0.033333333 0.02
64.1 -0.063750802 0.033333333 0.02
64.13333333 -0.062288966 0.033333333 0.02
64.16666667 -0.060024136 0.033333333 0.02
64.2 -0.056381028 0.033333333 0.02
64.23333333 -0.051837706 0.033333333 0.02
64.26666667 -0.046662606 0.033333333 0.02
64.3 -0.040147692 0.033333333 0.02
64.33333333 -0.032986003 0.033333333 0.02
64.36666667 -0.024825416 0.033333333 0.02
64.4 -0.0164007 0.033333333 0.02
64.43333333 -0.007751271 0.033333333 0.02
64.46666667 0.001208112 0.033333333 0.02
64.5 0.009649715 0.033333333 0.02
64.53333333 0.018003576 0.033333333 0.02
64.56666667 0.025976324 0.033333333 0.02
64.6 0.03328771 0.033333333 0.02
64.63333333 0.039821724 0.033333333 0.02
64.66666667 0.045422316 0.033333333 0.02
64.7 0.049866995 0.033333333 0.02
64.73333333 0.053339688 0.033333333 0.02
64.76666667 0.055630965 0.033333333 0.02
64.8 0.05691179 0.033333333 0.02
64.83333333 0.056818935 0.033333333 0.02
64.86666667 0.05555975 0.033333333 0.02
64.9 0.053033779 0.033333333 0.02
64.93333333 0.049307033 0.033333333 0.02
64.96666667 0.044940432 0.033333333 0.02
65 0.039404142 0.033333333 0.02
65.03333333 0.033050901 0.033333333 0.02
65.06666667 0.025702 0.033333333 0.02
65.1 0.017853444 0.033333333 0.02
65.13333333 0.00965426 0.033333333 0.02
65.16666667 0.001325868 0.033333333 0.02
65.2 -0.007371883 0.033333333 0.02
65.23333333 -0.015980676 0.033333333 0.02
65.26666667 -0.024095672 0.033333333 0.02
65.3 -0.032106662 0.033333333 0.02
65.33333333 -0.039249901 0.033333333 0.02
65.36666667 -0.045409831 0.033333333 0.02
65.4 -0.051521486 0.033333333 0.02
65.43333333 -0.055906491 0.033333333 0.02
65.46666667 -0.059604827 0.033333333 0.02
65.5 -0.062275179 0.033333333 0.02
65.53333333 -0.063537893 0.033333333 0.02
65.56666667 -0.064082299 0.033333333 0.02
65.6 -0.063452128 0.033333333 0.02
65.63333333 -0.061019518 0.033333333 0.02
65.66666667 -0.057972778 0.033333333 0.02
65.7 -0.053844114 0.033333333 0.02
65.73333333 -0.048912817 0.033333333 0.02
65.76666667 -0.042915897 0.033333333 0.02
65.8 -0.036070798 0.033333333 0.02
65.83333333 -0.028242821 0.033333333 0.02
65.86666667 -0.020297858 0.033333333 0.02
65.9 -0.011848051 0.033333333 0.02
65.93333333 -0.00317866 0.033333333 0.02
65.96666667 0.00541082 0.033333333 0.02
66 0.013703321 0.033333333 0.02
66.03333333 0.021895415 0.033333333 0.02
66.06666667 0.029257802 0.033333333 0.02
66.1 0.036123305 0.033333333 0.02
66.13333333 0.042015268 0.033333333 0.02
66.16666667 0.046888935 0.033333333 0.02
66.2 0.050920277 0.033333333 0.02
66.23333333 0.05347944 0.033333333 0.02
66.26666667 0.0550985 0.033333333 0.02
66.3 0.055528845 0.033333333 0.02
66.33333333 0.054917059 0.033333333 0.02
66.36666667 0.053410603 0.033333333 0.02
66.4 0.050174729 0.033333333 0.02
66.43333333 0.046419657 0.033333333 0.02
66.46666667 0.041210252 0.033333333 0.02
66.5 0.035340164 0.033333333 0.02
66.53333333 0.02881642 0.033333333 0.02
66.56666667 0.021274842 0.033333333 0.02
66.6 0.013428399 0.033333333 0.02
66.63333333 0.005263755 0.033333333 0.02
66.66666667 -0.003126773 0.033333333 0.02
66.7 -0.011525564 0.033333333 0.02
66.73333333 -0.019704969 0.033333333 0.02
66.76666667 -0.027643091 0.033333333 0.02
66.8 -0.027613997 0.033333333 0.02
66.83333333 -0.034989762 0.033333333 0.02
66.86666667 -0.041715797 0.033333333 0.02
66.9 -0.047803576 0.033333333 0.02
66.93333333 -0.052593066 0.033333333 0.02
66.96666667 -0.056325708 0.033333333 0.02
67 -0.0591349 0.033333333 0.02
67.03333333 -0.06110591 0.033333333 0.02
67.06666667 -0.062099746 0.033333333 0.02
67.1 -0.061699652 0.033333333 0.02
67.13333333 -0.060624384 0.033333333 0.02
67.16666667 -0.058254913 0.033333333 0.02
67.2 -0.054720887 0.033333333 0.02
67.23333333 -0.05040809 0.033333333 0.02
67.26666667 -0.044645907 0.033333333 0.02
67.3 -0.038608425 0.033333333 0.02
67.33333333 -0.031257654 0.033333333 0.02
67.36666667 -0.023724622 0.033333333 0.02
67.4 -0.015431434 0.033333333 0.02
67.43333333 -0.007158578 0.033333333 0.02
67.46666667 0.001550763 0.033333333 0.02
67.5 0.009776727 0.033333333 0.02
67.53333333 0.018047782 0.033333333 0.02
67.56666667 0.025692243 0.033333333 0.02
67.6 0.032689446 0.033333333 0.02
67.63333333 0.038887192 0.033333333 0.02
67.66666667 0.044352377 0.033333333 0.02
67.7 0.048673465 0.033333333 0.02
67.73333333 0.051838231 0.033333333 0.02
67.76666667 0.054108736 0.033333333 0.02
67.8 0.055159514 0.033333333 0.02
67.83333333 0.05506458 0.033333333 0.02
67.86666667 0.053960823 0.033333333 0.02
67.9 0.051654413 0.033333333 0.02
67.93333333 0.047761194 0.033333333 0.02