0 0.152238806 0.033333333 0.02
0.033333333 0.152238806 0.033333333 0.02
0.066666667 0.150746269 0.033333333 0.02
0.1 0.150746269 0.033333333 0.02
0.133333333 0.153731343 0.033333333 0.02
0.166666667 0.153731343 0.033333333 0.02
0.2 0.153731343 0.033333333 0.02
0.233333333 0.152238806 0.033333333 0.02
0.266666667 0.152238806 0.033333333 0.02
0.3 0.150746269 0.033333333 0.02
0.333333333 0.144776119 0.033333333 0.02
0.366666667 0.135820896 0.033333333 0.02
0.4 0.126865672 0.033333333 0.02
0.433333333 0.111940299 0.033333333 0.02
0.466666667 0.097014925 0.033333333 0.02
0.5 0.080597015 0.033333333 0.02
0.533333333 0.059995051 0.033333333 0.02
0.566666667 0.037957112 0.033333333 0.02
0.6 0.015549098 0.033333333 0.02
0.633333333 -0.007052985 0.033333333 0.02
0.666666667 -0.029756029 0.033333333 0.02
0.7 -0.0517625 0.033333333 0.02
0.733333333 -0.072420155 0.033333333 0.02
0.766666667 -0.091171521 0.033333333 0.02
0.8 -0.107709077 0.033333333 0.02
0.833333333 -0.121656025 0.033333333 0.02
0.866666667 -0.133068054 0.033333333 0.02
0.9 -0.142011923 0.033333333 0.02
0.933333333 -0.147382843 0.033333333 0.02
0.966666667 -0.151342009 0.033333333 0.02
1 -0.153046232 0.033333333 0.02
1.033333333 -0.153062692 0.033333333 0.02
1.066666667 -0.150891284 0.033333333 0.02
1.1 -0.146463494 0.033333333 0.02
1.133333333 -0.139389378 0.033333333 0.02
1.166666667 -0.130062466 0.033333333 0.02
1.2 -0.118141757 0.033333333 0.02
1.233333333 -0.103579097 0.033333333 0.02
1.266666667 -0.086559376 0.033333333 0.02
1.3 -0.067325906 0.033333333 0.02
1.333333333 -0.046226771 0.033333333 0.02
1.366666667 -0.023993445 0.033333333 0.02
1.4 -0.001071548 0.033333333 0.02
1.433333333 0.021967686 0.033333333 0.02
1.466666667 0.044431946 0.033333333 0.02
1.5 0.06553524 0.033333333 0.02
1.533333333 0.082101598 0.033333333 0.02
1.566666667 0.103145118 0.033333333 0.02
1.6 0.117956091 0.033333333 0.02
1.633333333 0.129953403 0.033333333 0.02
1.666666667 0.139893843 0.033333333 0.02
1.7 0.147123055 0.033333333 0.02
1.733333333 0.151885488 0.033333333 0.02
1.766666667 0.154090504 0.033333333 0.02
1.8 0.15410036 0.033333333 0.02
1.833333333 0.151856052 0.033333333 0.02
1.866666667 0.147125151 0.033333333 0.02
1.9 0.139569113 0.033333333 0.02
1.933333333 0.129537363 0.033333333 0.02
1.966666667 0.114980741 0.033333333 0.02
2 0.101851317 0.033333333 0.02
2.033333333 0.082634643 0.033333333 0.02
2.066666667 0.064498429 0.033333333 0.02
2.1 0.044037541 0.033333333 0.02
2.133333333 0.022085681 0.033333333 0.02
2.166666667 -5.84E-04 0.033333333 0.02
2.2 -0.022769309 0.033333333 0.02
2.233333333 -0.044405579 0.033333333 0.02
2.266666667 -0.064200392 0.033333333 0.02
2.3 -0.082723886 0.033333333 0.02
2.333333333 -0.099382374 0.033333333 0.02
2.366666667 -0.113791852 0.033333333 0.02
2.4 -0.125588791 0.033333333 0.02
2.433333333 -0.13499846 0.033333333 0.02
2.466666667 -0.141465664 0.033333333 0.02
2.5 -0.145897308 0.033333333 0.02
2.533333333 -0.14772203 0.033333333 0.02
2.566666667 -0.147665357 0.033333333 0.02
2.6 -0.145737948 0.033333333 0.02
2.633333333 -0.142101373 0.033333333 0.02
2.666666667 -0.135716355 0.033333333 0.02
2.7 -0.126890485 0.033333333 0.02
2.733333333 -0.115533729 0.033333333 0.02
2.766666667 -0.101662172 0.033333333 0.02
2.8 -0.085205361 0.033333333 0.02
2.833333333 -0.066765069 0.033333333 0.02
2.866666667 -0.04669005 0.033333333 0.02
2.9 -0.025513076 0.033333333 0.02
2.933333333 -0.003563734 0.033333333 0.02
2.966666667 0.018559876 0.033333333 0.02
3 0.03905042 0.033333333 0.02
3.033333333 0.059218938 0.033333333 0.02
3.066666667 0.077395871 0.033333333 0.02
3.1 0.093124769 0.033333333 0.02
3.133333333 0.107054869 0.033333333 0.02
3.166666667 0.125227765 0.033333333 0.02
3.2 0.134841223 0.033333333 0.02
3.233333333 0.141380299 0.033333333 0.02
3.266666667 0.146300098 0.033333333 0.02
3.3 0.148979226 0.033333333 0.02
3.333333333 0.148545299 0.033333333 0.02
3.366666667 0.14697468 0.033333333 0.02
3.4 0.14266819 0.033333333 0.02
3.433333333 0.135857336 0.033333333 0.02
3.466666667 0.126847546 0.033333333 0.02
3.5 0.115326603 0.033333333 0.02
3.533333333 0.101226264 0.033333333 0.02
3.566666667 0.084711275 0.033333333 0.02
3.6 0.062545034 0.033333333 0.02
3.633333333 0.043346038 0.033333333 0.02
3.666666667 0.023159157 0.033333333 0.02
3.7 0.001747472 0.033333333 0.02
3.733333333 -0.01991716 0.033333333 0.02
3.766666667 -0.040737714 0.033333333 0.02
3.8 -0.060676502 0.033333333 0.02
3.833333333 -0.078752 0.033333333 0.02
3.866666667 -0.094764779 0.033333333 0.02
3.9 -0.108796698 0.033333333 0.02
3.933333333 -0.12041218 0.033333333 0.02
3.966666667 -0.129156829 0.033333333 0.02
4 -0.135743459 0.033333333 0.02
4.033333333 -0.14026464 0.033333333 0.02
4.066666667 -0.142480611 0.033333333 0.02
4.1 -0.142699299 0.033333333 0.02
4.133333333 -0.140795359 0.033333333 0.02
4.166666667 -0.137035664 0.033333333 0.02
4.2 -0.130830256 0.033333333 0.02
4.233333333 -0.122358862 0.033333333 0.02
4.266666667 -0.110990095 0.033333333 0.02
4.3 -0.0974781 0.033333333 0.02
4.333333333 -0.081647954 0.033333333 0.02
4.366666667 -0.063564473 0.033333333 0.02
4.4 -0.043912829 0.033333333 0.02
4.433333333 -0.023213289 0.033333333 0.02
4.466666667 -0.001535364 0.033333333 0.02
4.5 0.018804676 0.033333333 0.02
4.533333333 0.042049771 0.033333333 0.02
4.566666667 0.058445347 0.033333333 0.02
4.6 0.075684584 0.033333333 0.02
4.633333333 0.09070322 0.033333333 0.02
4.666666667 0.103906723 0.033333333 0.02
4.7 0.115094499 0.033333333 0.02
4.733333333 0.123795999 0.033333333 0.02
4.766666667 0.133572516 0.033333333 0.02
4.8 0.138138315 0.033333333 0.02
4.833333333 0.134328358 0.033333333 0.02
4.866666667 0.134340833 0.033333333 0.02
4.9 0.132190693 0.033333333 0.02
4.933333333 0.127981997 0.033333333 0.02
4.966666667 0.121577774 0.033333333 0.02
5 0.112531105 0.033333333 0.02
5.033333333 0.101786379 0.033333333 0.02
5.066666667 0.088744559 0.033333333 0.02
5.1 0.073139431 0.033333333 0.02
5.133333333 0.055614021 0.033333333 0.02
5.166666667 0.036695211 0.033333333 0.02
5.2 0.016712514 0.033333333 0.02
5.233333333 -0.00428181 0.033333333 0.02
5.266666667 -0.024708119 0.033333333 0.02
5.3 -0.045020224 0.033333333 0.02
5.333333333 -0.064449349 0.033333333 0.02
5.366666667 -0.082094065 0.033333333 0.02
5.4 -0.098023477 0.033333333 0.02
5.433333333 -0.111926761 0.033333333 0.02